-0.7954886019  0.3262862965   10.37654482 -1.355883427 0.4853424557   8.97963356 527.093308 527.115233
  -1.0257995 0.3572860816  10.30486961 -1.478901423 0.5765224195  9.082505754 527.144033 527.144033
-1.383120506 0.6134032917  10.14442585 -1.648852156 0.7195313942  9.234727837 527.181633 527.181633
-1.821002404  0.905485851  9.928600252 -1.822455796 0.8914849673  9.408351881 527.214023 527.214023
-1.814589133  1.029693642   9.77025119 -1.944782016  1.062184767  9.581342113 527.243233 527.243233
-1.465528753 0.9977822763  9.646225743 -1.978598707  1.202865927  9.729539545 527.282023 527.282023
-1.489084711  1.090907644  9.485176437 -1.898416458  1.293108826  9.810629705 527.317223 527.317223
-1.468758387  1.039971402  9.376329307 -1.689822245  1.321068388  9.814613108 527.345823 527.345823
-1.392342994  1.033205253  9.280072713 -1.365143904  1.277488558  9.724329602 527.382433 527.382433
-1.603891423  1.016622878  9.196929384 -0.9607015931   1.158956327   9.546428533 527.418624 527.418624
-1.630472052  1.030591788  9.184444435 -0.5393515583  0.9978822132   9.322297165 527.448624 527.448624
-1.389626013 0.8842373524  9.278474812 -0.1712364132  0.8163777356   9.081637133 527.482824 527.482824
-1.373999397 0.7464079635  9.374500283 0.09519890071  0.6365630393   8.850507925 527.522234 527.522234
-1.344873957 0.7131981833  9.469093458 0.2076726531 0.4928652174  8.676403952 527.551834 527.551834
-1.100849697 0.5941236208   9.62579577 0.1461751041 0.4028029973  8.590968289 527.583224 527.583224
-1.100248069  0.562140393  9.753837321 -0.07885013951   0.3710161043    8.614619141 527.625434 527.625434
-1.272238505 0.6299061605  9.807649928 -0.4459882398  0.3919176675   8.756637045 527.654624 527.654624
-1.229579025 0.4852142505  9.894473552 -0.9027978781   0.440355474   9.008100382 527.683834 527.683834
 -1.18544639 0.3044533956  9.958863985 -1.386235281 0.4879648758  9.342909795 527.729634 527.729634
 -1.28506096 0.2519779129  9.963227583 -1.822201739  0.510156171  9.721806681 527.756834 527.756834
-1.194745806 0.1126276783  9.985719194   -2.1374365 0.4889181338  10.10386709 527.784234 527.784234
  -1.171366221 -0.01971034744    10.00238173 -2.280884791   0.40640697  10.43650349 527.833825 527.833825
  -1.271101557 -0.09015514035    10.00827983 -2.209151733 0.2814561211  10.68981711 527.858635 527.858635
 -1.016529548 -0.2790272897   10.08686565 -1.92840936 0.126089618 10.85996856 527.884625 527.884625
-0.5740469054 -0.4483182826   10.23162002   -1.468432597 -0.05162648793    10.93905228 527.932635 527.932635
-0.2362165079 -0.4532743155   10.33055295 -0.8641013334 -0.2236834341   10.92443674 527.959035 527.959035
-0.06720466309  -0.5158920339    10.46267821 -0.1676746589  -0.351792077   10.82893582 527.985035 527.985035
0.3660714653 -0.474687432  10.61989543  0.5547450117 -0.4341170979   10.70578883 528.025435 528.025435
 1.185056591 -0.210210786     10.66329   1.251407618 -0.4135553146   10.57354327 528.058835 528.058835
    1.80127786 -0.07602848395    10.63310887   1.865508173 -0.2749461696   10.40389179 528.085435 528.085435
    2.192624147 -0.005759114727     10.55839031    2.340916492 -0.04459360443    10.21500515 528.119635 528.119635
 2.883394265 0.3017749638   10.3059013  2.658804848 0.2470440014  10.01337291 528.157235 528.157235
  3.41605714 0.6387415911  10.00268024 2.775845537 0.541196071 9.798090362 528.186035 528.186035
 3.285271013 0.8099910397  9.823143614  2.688182482 0.7828477103  9.606926928 528.220636 528.220636
 3.203526794 0.8206240274  9.626232379  2.443295504 0.9385238684  9.436739023 528.255836 528.255836
 3.052124641 0.8133822092  9.468881465  2.087473875 0.9867937106  9.302437663 528.286636 528.286636
 2.523181139 0.5967298143  9.424708581  1.688719661 0.9170679861  9.213545258 528.323626 528.323626
 2.227318689 0.3806950303  9.361517831  1.312805629 0.7569329254  9.123102621 528.356226 528.356226
 1.965147787 0.1546957745  9.313640893 1.010409728 0.543528498  9.02050705 528.387026 528.387026
  1.813617688 0.05895953183   9.263801359  0.817745189 0.3147783644  8.887513595 528.423836 528.423836
 1.853335502 0.1458151337  9.213575433 0.7525953232 0.1181726503  8.737648315 528.455436 528.455436
 1.821944469 0.1674003752  9.190735781   0.8165324626 -0.01317693604    8.590426226 528.487636 528.487636
 1.638604115 0.1499244228  9.198371732   0.9909730598 -0.06465611237    8.464297728 528.525027 528.525027
  1.514200405 0.03150754851   9.190949983    1.237116164 -0.03252944643    8.377589474 528.554837 528.554837
  1.329112215 -0.1270641574   9.168133482   1.507301688 0.06965072447   8.353666406 528.588237 528.588237
   1.16298074 -0.1224352419   9.126587488  1.749911749 0.2127406116  8.413031045 528.625437 528.625437
  1.008781089 -0.1022381027   9.091820125  1.916238308 0.3634844618  8.564878931 528.653227 528.653227
 0.7384265857 -0.2373418417    9.06472347  1.963004472 0.4850875736  8.805083077 528.688627 528.688627
0.5838577899 -0.213853501  9.079918918  1.860735561 0.5447368917  9.118403033 528.723837 528.723837
 0.4234169161 -0.2822761861   9.144604805  1.599722448 0.5247321168   9.47981708 528.749837 528.749837
0.03447892706 -0.4237950971   9.346813765  1.187893821 0.4170117219  9.859552588 528.789037 528.789037
0.007813620911  -0.3808545844    9.597363055  0.652342607 0.2244613027  10.22435198 528.822838 528.822838
-0.1403988392 -0.4909748165   9.862529487  0.04381435772 -0.01852365341    10.55863924 528.846838 528.846838
 -0.440162846 -0.6366272124   10.36269935  -0.583626188 -0.2896136537   10.84470339 528.888428 528.888428
-0.4151196013 -0.5008848372   10.75472869  -1.171290372 -0.5609474853   11.07336254 528.922028 528.922028
-0.6076857469 -0.4793231479   11.07032507  -1.660352768 -0.7672624517   11.26195094 528.945428 528.945428
 -0.767797406 -0.4749633057    11.5210855  -2.015432518 -0.9045962258   11.40996048 528.983628 528.983628
 -1.093862192 -0.4074033565   11.77315313  -2.221261714 -0.9653171402   11.52947196 529.021638 529.021638
 -1.218067399 -0.4618841343   11.90555861  -2.265289798 -0.9361235417   11.60691054 529.045838 529.045838
 -1.309384532 -0.4199114707   12.00626021 -2.179989669 -0.826465498  11.65410491 529.090438 529.090438
 -1.885012032 -0.3334315884   11.90481937  -2.012181989 -0.6510153823   11.65846093 529.121238 529.121238
 -2.002008975 -0.3826155984   11.77904287  -1.772450886 -0.4254144668   11.60554674 529.147038 529.147038
  -2.08562183 -0.2863195091   11.50179952   -1.54052684 -0.1705497275   11.49361209 529.191038 529.191038
 -2.520689916 -0.2280455058   11.18998366   -1.36468539 0.09648078244   11.31368435 529.220639 529.220639
   -2.40458751 -0.04276568451    10.92595056  -1.26707209 0.3463257179  11.09043287 529.247839 529.247839
  -2.1776782 0.2338617737  10.58052889 -1.291491903 0.5723863334  10.81487801 529.291239 529.291239
-2.270388974 0.3370443004  10.29384416 -1.438489283 0.7670244967  10.49240794 529.322639 529.322639
-2.189617546 0.5463916193  10.03683502 -1.684951773 0.9243726802  10.14906372 529.349839 529.349839
-2.150145718 0.9238881525  9.703688434 -1.983112511  1.055193652  9.785101373 529.391839 529.391839
-2.547586832  1.118301503  9.394202935 -2.266156959   1.17713263   9.42762572 529.42123 529.42123
-2.317312457  1.188228383  9.246669751 -2.491289263  1.285380098  9.133749556 529.44964 529.44964
-1.857229874  1.157882843  9.156673228 -2.600762678  1.369499664  8.897529342 529.49224 529.49224
-1.838380552  1.272324926  9.038001981 -2.553733394  1.411435373  8.723817401 529.52264 529.52264
-1.559520656   1.24618384  9.013024958 -2.342835565  1.417816631  8.633099041 529.55103 529.55103
-1.280672481  1.078858962  9.047715954 -1.970040272  1.381128895  8.616110342 529.59263 529.59263
-1.454631269 0.9779498735  9.062030176 -1.469308112  1.297055491  8.665132525 529.62624 529.62624
-1.326423225 0.9095145861  9.158250318 -0.9064324655   1.165039894   8.765059872 529.65443 529.65443
-1.051667694 0.8264015255  9.330154526 -0.3366839686  0.9876157874   8.892594129 529.69323 529.69323
-0.9814748118  0.7561619585   9.463640341 0.1789745069  0.778591707  9.026524327 529.72924 529.72924
-0.7637488503  0.6210334871   9.595176475 0.5826051517  0.554392222  9.149844478 529.75704 529.75704
-0.2348428602  0.3268373658   9.746434536  0.835549369 0.3327262535  9.254078191 529.79364 529.79364
-0.138764746 0.3043704639  9.817457229 0.9251155414 0.1268694875  9.333118636 529.831631 529.831631
-0.2588023462   0.237889058   9.855790051   0.8472661087 -0.04186145087    9.389383254 529.859831 529.859831
-0.2952236425 0.08399025857   9.892993847  0.6151034359 -0.1643168687    9.43120085 529.894031 529.894031
-0.6007294417 0.05610744325   9.915612939  0.2609041987 -0.2370685171   9.465422845 529.936041 529.936041
  -0.88158618 0.08312300718   9.930202481 -0.1801636559 -0.2575040761   9.508381543 529.962631 529.962631
-0.8485893395 -0.1134914405   10.00662397 -0.6624404575 -0.2325076389    9.57229964 529.994441 529.994441
-0.9247080139 -0.2425700295   10.10501126  -1.138448881 -0.1740533349   9.657362155 530.039031 530.039031
 -1.111804169 -0.2381245826   10.16607704    -1.56474937 -0.09416946544    9.765495747 530.064841 530.064841
 -1.100455884 -0.3976244644    10.2846346   -1.900994255 -0.01120489386    9.894937462 530.095041 530.095041
 -1.198341279 -0.4500358728   10.38458322  -2.124283492 0.05643656323   10.02983165 530.142642 530.142642
  -1.46590157 -0.3988448271   10.39390872  -2.210631314 0.09489656596   10.15766202 530.167042 530.167042
 -1.392120869 -0.5977848847   10.41611853  -2.143687952 0.09126671737   10.27576208 530.195432 530.195432
 -1.304881064 -0.8017264889    10.3648149  -1.934473937 0.03858739915   10.36141586 530.243642 530.243642
  -1.33591501 -0.8923771905   10.30343569  -1.591292306 -0.0485408199   10.40622403 530.266432 530.266432
 -1.002659088 -0.8525081362   10.21875449  -1.143447267 -0.1537293354   10.41351638 530.295832 530.295832
-0.5634057205 -0.8468720463   10.11427943 -0.6322083768 -0.2786888207   10.37799839 530.345832 530.345832
  -0.45167497 -0.9181587523   10.05754936 -0.08747169226  -0.3790988634    10.29730512 530.368632 530.368632
-0.06918564379  -0.7821274726    10.01545864  0.4366267998 -0.4371271137   10.18933161 530.396242 530.396242
0.4618344422 -0.662919752  10.01761417  0.9107155332 -0.4563014772   10.06203461 530.444443 530.444443
  1.048383402 -0.3615012137   10.02024629   1.317608464 -0.4200588358    9.93210086 530.468243 530.468243
  1.686535481 0.06081341658   10.02764812   1.666670745 -0.2969344015   9.800991107 530.496633 530.496633
 2.370879766 0.7980430561  9.967755667    1.989481161 -0.08369571219    9.681861278 530.535833 530.535833
2.840542167 1.464954804 9.846101666  2.292079461 0.2422556699  9.559928039 530.567033 530.567033
2.988725726 1.800236581 9.809648812  2.563346462 0.6449974165  9.440069022 530.597243 530.597243
2.981313925 1.825435696 9.835607182 2.802168533 1.058146995 9.339508517 530.632243 530.632243
3.036819375 1.672435531 9.828611351 3.024691664 1.434553797 9.257990753 530.665833 530.665833
2.987776292  1.41394567 9.825185433 3.219636531 1.729732177 9.208392339 530.697843 530.697843
2.827365684 1.209949186 9.792054954   3.3671829 1.925020821 9.184593453 530.732643 530.732643
2.680582339   1.1235129 9.703565289 3.438494978 1.998697973 9.174094043 530.765443 530.765443
 2.512487991 0.9763284112  9.584778515 3.403155898 1.940500093 9.167070799 530.798243 530.798243
 2.407437081 0.8982857689  9.403276737 3.233608267 1.762790327 9.146070509 530.833434 530.833434
 2.344329632 0.8494833395  9.209327302 2.913846229 1.487371534 9.113587836 530.865034 530.865034
 2.161595952 0.7936817494  9.022718411 2.448068173  1.14920189 9.068839237 530.898844 530.898844
 1.994058363 0.7252811086  8.847092393  1.859486719 0.7810793992  9.008703075 530.935244 530.935244
 1.885124448 0.6376051443  8.711695307  1.192720077 0.4286932829  8.937149831 530.965834 530.965834
 1.576567609 0.5350558423   8.63563052 0.5122353611  0.121761637  8.861099334 530.999444 530.999444
 1.201903808 0.4311655995  8.615598359  -0.118869236 -0.1150287454   8.783790485 531.035644 531.035644
 0.988629295 0.3982310068  8.615194281 -0.6359927122 -0.2668980659    8.71133399 531.066234 531.066234
0.8191078957 0.2620602373  8.653278517 -0.9824752144  -0.332699044   8.647342273 531.099844 531.099844
0.6205178937 0.1875985411  8.725311441  -1.123784328 -0.3237395925   8.593933874 531.135635 531.135635
0.4688360907 0.1102116359   8.80477488  -1.049501128 -0.2622441503   8.549405131 531.166435 531.166435
  0.433576589 -0.1092459871   8.894347122 -0.7762211196 -0.1781433028   8.515132365 531.200235 531.200235
 0.4114282998 -0.2603837777   8.976934592 -0.3480362982 -0.1017791919   8.494602104 531.235045 531.235045
 0.3944645778 -0.3846114794   9.048218282   0.1726121195 -0.06263608847     8.49498785 531.266045 531.266045
0.3795011378 -0.603746627  9.121700333   0.7108638228 -0.08127119396    8.529738249 531.300845 531.300845
 0.2815905592 -0.6661389947   9.213734309   1.188599937 -0.1652385681   8.620105411 531.334635 531.334635
 0.1248821316 -0.7465918608   9.332847609     1.5375227 -0.3079729981   8.786491286 531.365835 531.365835
-0.03466626629  -0.8901404724    9.517244317   1.704895665 -0.4884236166   9.048864604 531.401245 531.401245
-0.2611887088 -0.8864604333    9.76156239   1.658987139 -0.6756613764    9.42368517 531.432636 531.432636
-0.5523209123 -0.9235606011   10.08857196  1.395431555 -0.833363725  9.911891578 531.462636 531.462636
-0.6941691817  -1.031092794   10.57530761  0.9339428099 -0.9318210355   10.49886062 531.501846 531.501846
-0.7242663386 -0.9720141337   11.02583124  0.3151983114 -0.9477695585    11.1580454 531.531036 531.531036
-0.9083478268 -0.8949784271   11.55758298  -0.409835948 -0.8687667122   11.84892137 531.558246 531.558246
 -1.16075859 -0.635799388  12.24114298  -1.168612374 -0.7054587321   12.51493096 531.602246 531.602246
  -1.311277375 -0.09934464552    12.62632665  -1.891348778 -0.4806579253   13.09859914 531.629236 531.629236
  -1.572037487 -0.02126870681    12.99327125  -2.540644808 -0.2247926409   13.56485273 531.654236 531.654236
-1.634790551 0.2013764453    13.316094   -3.04239776 0.02563272154    13.8511971 531.702636 531.702636
-2.100441778  0.268912207   13.3057264 -3.385817555 0.2304775374  13.94675608 531.729446 531.729446
-2.300534508 0.1648263428  13.21498549 -3.559229447 0.4062073035  13.81336799 531.754046 531.754046
-2.198552015 0.1465551099  12.91634466 -3.548138624 0.5178417773  13.46111133 531.803046 531.803046
  -2.742391403 -0.08654222096     12.5437091 -3.400053775  0.568546332  12.92519588 531.831237 531.831237
  -2.625408608 -0.04129725289    12.17896127 -3.116502541 0.5933652377  12.24714401 531.857237 531.857237
   -2.4313319 0.07744976324   11.67441866 -2.774551893 0.5811928668  11.50808291 531.903437 531.903437
  -2.804111513 -0.02645570159    11.27755384 -2.429153179  0.552768295  10.78026454 531.932047 531.932047
-2.549975123 0.2606421033  10.99184579  -2.11714956 0.5441482958   10.1583361 531.959247 531.959247
-2.353433777 0.6109623851  10.66732923 -1.90629288 0.557034709 9.675638894 532.003837 532.003837
-2.616848903 0.5953370397   10.4210987 -1.811937768 0.5954677129  9.368668316 532.032237 532.032237
-2.350088535 0.6454035326  10.28234944 -1.835090436 0.6423084355  9.265072181 532.060237 532.060237
-2.027715576 0.4793040701   10.1443098 -1.948722368  0.690031546  9.317033625 532.104247 532.104247
   -2.0815856 0.07042163788   10.00535466 -2.098370068 0.7334182991  9.471273758 532.133638 532.133638
   -1.81254298 -0.03761199376    9.894608925 -2.227099214 0.7590577512  9.679440466 532.161438 532.161438
 -1.573719134 -0.1121815382   9.734699186 -2.275794942 0.7522595744  9.861348258 532.204638 532.204638
 -1.731311548 -0.3650784019   9.565678382 -2.202703477 0.7108722629   9.96550567 532.236448 532.236448
 -1.610143085 -0.4120665682   9.454402786 -2.002494258  0.647926732  9.973086244 532.263248 532.263248
 -1.363969181 -0.3216797189   9.342968836 -1.686277967 0.5698599722  9.858108331 532.305248 532.305248
 -1.364419071 -0.4313380095   9.242035226 -1.293268501 0.4929890931  9.624242907 532.338048 532.338048
 -1.129627349 -0.3077214893   9.192889386 -0.8903568928  0.4251891251   9.304319893 532.364448 532.364448
 -0.7387895892 -0.05598826285    9.123171835 -0.5314663344  0.3794076274   8.929912252 532.405648 532.405648
-0.8043506911 0.07880366575   9.026672198 -0.2572222415  0.3632703791    8.54994279 532.440439 532.440439
-0.8155561193  0.1766491654   8.936794185 -0.1048862761  0.3751872403   8.201047664 532.466049 532.466049
-0.670493031  0.384692534  8.799415664 -0.06457393279   0.4113557385     7.91898281 532.506249 532.506249
-0.7761335963  0.4796321842   8.669555702 -0.09782426564   0.4641791404    7.724585983 532.543849 532.543849
-0.7321700477  0.5982093528   8.578038999 -0.1686257342  0.5170843071   7.623461372 532.569039 532.569039
-0.3579981376  0.7507331781   8.484211834 -0.2161566114   0.552848028   7.613590589 532.606639 532.606639
-0.3638622156   0.922507263   8.431462629 -0.1722944092  0.5521974045   7.683161404 532.649249 532.649249
-0.4892246939  0.9276169363   8.441232306 -0.04915041195    0.526160459    7.830027186 532.673639 532.673639
-0.06308768815   0.7307822454    8.586270264 0.1168380315 0.4666727832  8.030659755 532.707039 532.707039
0.07361721904  0.6221085189   8.795789962 0.3291428444 0.3823966982  8.270853142 532.753039 532.753039
0.06867568996  0.7553593692   8.936152221 0.5225061116 0.3055412211  8.535277155 532.776849 532.776849
0.3819607021 0.4986740055  9.235561337 0.6453143054 0.2667308886  8.806700141 532.807449 532.807449
0.4840411962 0.4879050393  9.524996614 0.6678760774 0.2697221287  9.069022293 532.85645 532.85645
0.2863158495 0.7662454749  9.645227343 0.5577060761 0.3318857567  9.302412799 532.87945 532.87945
0.2156834442 0.3542719403  9.848920517 0.3076703923 0.4395104369  9.492321296 532.90805 532.90805
-0.1917313546   0.227453345   9.950730343 -0.05791465865   0.5665627978    9.623823694 532.95944 532.95944
-0.6604285782  0.4181504601   9.937574847 -0.4871807946  0.6874650828   9.691848703 532.98125 532.98125
-0.8833743683  0.2249477522   9.904766287 -0.905181141 0.7695253915  9.724964222 533.00845 533.00845
-1.016331718 -0.032052158  9.847836122 -1.246823303 0.7668375925  9.731571267 533.06084 533.06084
  -1.054050585 -0.03203955185    9.834032379 -1.438795288  0.671368421  9.727048328 533.08225 533.08225
-0.9913824007 -0.4186646991   9.861834464 -1.431435783 0.5071425587  9.744464821 533.10885 533.10885
-0.7330441655 -0.7836996981   10.01697471 -1.211780324  0.216683499  9.804553304 533.160441 533.160441
-0.3115823906 -0.6895607239    10.1587863  -0.777224446 -0.1598539739   9.927154718 533.182241 533.182241
-0.01020037604  -0.9371452337    10.46127989 -0.1706306286 -0.5403386922   10.10194892 533.209241 533.209241
 0.4546024932 -0.9224179085   10.88415203  0.5718651202 -0.9410777835   10.35650246 533.253051 533.253051
  1.054672018 -0.5255233938   11.15691945  1.371088226 -1.258711712  10.66771741 533.280451 533.280451
  1.589017516 -0.5585878618   11.46005462  2.125447118 -1.433272509  10.96681961 533.309651 533.309651
  2.273445575 -0.4195669754   11.67141103  2.799315558 -1.441353008  11.24478745 533.345851 533.345851
  3.099488203 0.07306644981   11.67293852  3.340422312 -1.244422131  11.45431657 533.382051 533.382051
3.692475784 0.646879663 11.54260561   3.677916738 -0.8606582029    11.5581254 533.410251 533.410251
 3.833105244 0.8623648855  11.41035445   3.801376808 -0.3540297225   11.55242398 533.446042 533.446042
4.045822489 1.166237268 11.11252679   3.76159462 0.2562218942  11.42481932 533.480452 533.480452
3.955289462 1.332633379 10.83948538  3.580190016 0.8850180711  11.21580277 533.510852 533.510852
3.765572466 1.343418911 10.48066072 3.319723034 1.489802067 10.91976891 533.547452 533.547452
3.732791065 1.480410391 10.06222278 3.013893937 2.023019465 10.55228488 533.579252 533.579252
3.561104937 1.549974795 9.653665381 2.692227525  2.42298831 10.15463192 533.611452 533.611452
  3.3305616 1.582452006 9.256429636 2.386699627 2.635602317 9.745011273 533.649442 533.649442
3.246851625 1.550525509 8.932562186 2.101299062 2.647165521 9.354974514 533.680442 533.680442
2.818334091 1.447589542 8.757655916 1.843915274 2.455404499 9.014483296 533.711842 533.711842
2.320288588 1.221901801 8.657273245 1.604848615  2.08212953 8.719130605 533.751042 533.751042
2.077686318 1.024272423 8.587691877 1.372978406 1.570712454 8.472159889 533.781852 533.781852
 1.765387729 0.6995596405  8.580448803  1.147650748 0.9831645021  8.283404121 533.812452 533.812452
 1.436758465 0.3637828228  8.609269799 0.9323714307 0.3805020507  8.151695505 533.853853 533.853853
 1.352902878 0.2235248076   8.62343026  0.7338286712 -0.1620958152   8.076891628 533.882253 533.882253
   1.045205664 -0.07488480242    8.687055504  0.5636144269 -0.5766602272   8.054208021 533.912853 533.912853
 0.7549351216 -0.3353907002   8.739609185  0.4280255004 -0.8221724336   8.073434108 533.955853 533.955853
0.7535970612 -0.346560628  8.751840899  0.3329625722 -0.8785703035   8.125206599 533.982043 533.982043
 0.4464181905 -0.5641306453    8.76246258   0.279646401 -0.7581506275   8.197200071 534.013453 534.013453
0.1742193029 -0.661406392  8.746138557  0.2600708739 -0.5038931003   8.281246893 534.055843 534.055843
 0.1344820796 -0.5956492755   8.734242614  0.2621029751 -0.1826852269   8.369535268 534.080253 534.080253
-0.2841357255 -0.6762118694   8.699532708 0.2726721875 0.1248273362  8.455823146 534.113843 534.113843
-0.5362836082 -0.6091957987   8.697228991 0.2693188247 0.3371322062  8.544554288 534.154253 534.154253
-0.5539095017 -0.4665306027   8.732290891 0.2346310092 0.3880375988  8.639646241 534.177253 534.177253
-0.8277843317 -0.5341615032   8.826080995 0.157801323 0.240795574  8.74999063 534.213053 534.213053
-0.8329194924 -0.4299314174   9.013880782 0.01750701258 -0.1155548469    8.89473824 534.251844 534.251844
-0.7681177465 -0.3687160857     9.1798766 -0.1786699041 -0.6335369975   9.087917912 534.273044 534.273044
-0.9128632905 -0.6339961747    9.61027536 -0.4287988304  -1.241815078   9.353470019 534.309844 534.309844
 -0.824777655 -0.6484650624   10.09572005 -0.7434426028  -1.859329515   9.706445872 534.349854 534.349854
-0.8247806631 -0.7163873374    10.4249005 -1.091105802 -2.353606919  10.15647245 534.370644 534.370644
-0.7789190253  -1.265967108   11.21333919 -1.465768354 -2.643179527  10.70103895 534.406454 534.406454
-0.6996938986  -1.380308157   11.93190253 -1.858695666 -2.683352001  11.33143759 534.447854 534.447854
-0.7493865307  -1.430530026   12.33961639 -2.246393352 -2.429639498   12.0108018 534.468654 534.468654
-0.8734725279  -1.674096661   13.20961671 -2.629166232 -1.913790391  12.70492833 534.515854 534.515854
 -1.766646098 -0.6739718931   13.61191086 -3.034762424 -1.176328698  13.38142432 534.546045 534.546045
 -2.621902875 -0.1812725562   13.79464557  -3.408133106 -0.3084924587   13.90447749 534.568045 534.568045
-3.130119016 0.4001178308   13.8989757 -3.746446196 0.5606189067  14.22302293 534.616045 534.616045
-4.192798133  1.141341855   13.5023121 -4.067180329  1.299972531  14.28717368 534.645445 534.645445
-4.247313607  1.214289252  13.23944941 -4.253495028  1.788483454  14.09159768 534.669845 534.669845
-3.870663709  1.045834612  12.72270192 -4.372795895  1.988673577  13.64910594 534.716445 534.716445
-4.415277913   1.16123311  12.01697954 -4.43785866 1.925669943 12.96045354 534.745255 534.745255
-4.117565739  1.236873017   11.4023966 -4.364699606  1.644388371   12.1222739 534.772055 534.772055
-3.570665424   1.48856732  10.57197606 -4.177436312  1.255663388  11.16353679 534.817055 534.817055
-3.808046334  1.985581661  9.774563939 -3.853155201 0.8846810727  10.14465131 534.845846 534.845846
-3.256901426  2.191435258  9.194992314 -3.379285368 0.6305505964  9.191674805 534.874246 534.874246
-2.621626314  2.232436031  8.626740153 -2.767513743 0.5769317845  8.316985904 534.917446 534.917446
-2.694271905  2.373768224  8.113517559 -2.022680436 0.7525021573  7.563978691 534.949056 534.949056
-2.221315242  2.279157516  7.895763284 -1.205449964   1.13618434  7.027086516 534.977856 534.977856
-1.603491793  2.048915181  7.794787908 -0.3572022547   1.659050363   6.695167047 535.017856 535.017856
-1.435204631  2.004127704  7.703369819 0.4596517229  2.207799673  6.569267218 535.054846 535.054846
-1.174369648  1.903359867  7.737784646 1.146642924 2.682317902 6.675949005 535.081856 535.081856
-0.547159455  1.515032884  7.948005119 1.625068159 2.965026316 6.986340959 535.118256 535.118256
-0.266447457  1.390710886  8.118413549 1.852454875 2.953678142  7.43674902 535.159847 535.159847
-0.3413296779   1.437262894   8.237867628 1.786944289 2.629342716 7.985950783 535.185857 535.185857
-0.2124865497   0.984879853   8.529515345 1.406567163 2.019329401 8.580245439 535.218647 535.218647
-0.3377875252    0.66978878   8.792870483 0.7513008852  1.176618952  9.131794362 535.264857 535.264857
-0.6074643953  0.7002846859   8.905420106 -0.1075309544  0.2251986429   9.582507285 535.287657 535.287657
-0.3542921125  0.3224060605   9.165979805 -1.059028062 -0.691444667  9.890527339 535.319057 535.319057
-0.224339364 0.1903840892  9.376071247 -1.974053246 -1.446750332  10.01122639 535.370657 535.370657
-0.4877224208  0.5063762796   9.440444519 -2.713873307 -1.926554521  9.937070746 535.392457 535.392457
-0.5588455436 0.04289336047   9.606297946 -3.159758683 -2.044277989   9.71775133 535.419457 535.419457
-0.7453039178 -0.3998855791   9.748944593 -3.238962207 -1.813864556  9.386167918 535.473648 535.473648
-0.8182770631 -0.4078480044   9.803943927 -2.925030101 -1.287505871  9.019625383 535.494048 535.494048
-0.7886751925 -0.6401697642   9.940733895 -2.244445977 -0.536154099  8.706339829 535.520048 535.520048
-0.6236003304  -0.763387161   10.12836536 -1.304964668 0.2510757481  8.529175054 535.575458 535.575458
-0.2249738125 -0.4271665555   10.23465388 -0.2102119624  0.9274641049   8.552572429 535.595248 535.595248
-0.4490891522 -0.8266908158   10.39447627 0.9185111222  1.455231357  8.770247928 535.620258 535.620258
-0.4296866613  -1.209685652   10.59955082 1.901941891 1.635388757 9.228540457 535.675658 535.675658
0.6548461928 -1.051667434  10.69538244 2.654511976 1.427630376 9.917060249 535.696458 535.696458
0.8429300782 -1.148603182  10.86065711  3.080827466 0.9591131411   10.6533867 535.720648 535.720648
  1.183992776 -0.9740109512   11.00475993   3.15541668 0.2697969586  11.39744888 535.748858 535.748858
 1.719361131 -0.778106526  11.07892211   2.921062934 -0.5167389803   12.01353349 535.795458 535.795458
   2.79986442 -0.1805632564   10.92813346  2.447053539 -1.243526923  12.39341311 535.821258 535.821258
   2.78370601 -0.2066848232   10.95723496  1.682466284 -1.847926436  12.48574006 535.850649 535.850649
  2.896312157 -0.1385307317   10.90511753 0.8986258782 -2.209552159  12.30618611 535.894449 535.894449
 3.220701826 0.3392955781    10.768825 0.2173606493 -2.263617523   11.9029903 535.921649 535.921649
 2.862759088 0.4131486589  10.78502538 -0.2399327913  -2.039579313   11.35907077 535.954049 535.954049
 2.666272669 0.5476648142  10.72630423 -0.3406330559   -1.53673599     10.731526 535.993449 535.993449
 2.714642197 0.7754218679  10.60424032 -0.05759997577  -0.8266185638    10.11597312 536.022249 536.022249
2.394099527 0.700314223 10.53915801   0.5710246104 -0.01726341386    9.605613144 536.056649 536.056649
 2.350591958 0.7461107468  10.37704768  1.459308329 0.8108390238  9.236355467 536.092859 536.092859
 2.554184237 0.8269922023  10.14401039 2.458923561 1.555267767 9.042421754 536.122659 536.122659
 2.524342936 0.9368043791   9.88852274 3.395086485 2.136881718 9.024519409 536.15866 536.15866
2.698247734 1.177886142 9.570505655 4.104845114 2.511467343  9.13611553 536.19106 536.19106
2.674384731 1.338201502 9.287911381 4.450976249 2.655881345 9.330151476 536.22326 536.22326
2.549482304 1.376869578 9.048375827 4.364066049 2.583955196 9.537091202 536.25925 536.25925
2.444067812 1.250924913 8.902099038 3.848100366  2.33673767 9.704222727 536.28825 536.28825
 2.06996186  1.01442075 8.853152854 2.980991375 1.975639439 9.780195094 536.32385 536.32385
 1.916171816 0.8017669441  8.826628842 1.891064881 1.563935354 9.721347174 536.36325 536.36325
  1.89203398 0.6487955342   8.83377685 0.7495565807  1.167016028  9.543206143 536.38966 536.38966
 1.528338231 0.3749097765  8.970669844 -0.2614338082  0.8341490263   9.277877568 536.42446 536.42446
 1.366521966 0.1608317783  9.096056244 -0.9913399116  0.5771013371   8.952204202 536.46486 536.46486
  1.333919733 0.04462403208   9.178307758 -1.329482165   0.40577387  8.631306731 536.48986 536.48986
   1.10056789 -0.1815168902    9.32167926 -1.228407951 0.3102621638  8.375763281 536.52486 536.52486
 0.9990205316 -0.3500107228   9.406220867 -0.7118971862  0.2552108618   8.229661448 536.565451 536.565451
 0.9397452237 -0.4236909598    9.44460581 0.1362074295 0.2152871888  8.230740816 536.590261 536.590261
 0.7328415177 -0.5858410509   9.477175755  1.183104353 0.1601018029  8.388356732 536.625251 536.625251
 0.5629206916 -0.7004810874   9.478631579   2.258168391 0.06282911324   8.687210134 536.665461 536.665461
 0.4869940465 -0.7159182308   9.477974219    3.188895794 -0.09420325686     9.08626086 536.688861 536.688861
 0.2629137939 -0.8733072024   9.487861692   3.813137261 -0.3185439077   9.522821413 536.725651 536.725651
0.08485856585 -0.9305851937   9.545406877   3.996683989 -0.5995522397   9.926582369 536.765051 536.765051
0.05302804356 -0.9420672565   9.615637049   3.667719557 -0.9185996203   10.23099523 536.786861 536.786861
-0.3476488616  -1.120937581   9.832461479   2.81940266 -1.240446377  10.39522894 536.826261 536.826261
-0.4977324439  -1.125501775   10.08210256  1.511380321 -1.544952191  10.40482565 536.865052 536.865052
-0.6850865708   -1.01903546   10.26564902 -0.1193271006  -1.794808201   10.29897051 536.885452 536.885452
 -1.13189112 -1.058026996  10.66744712 -1.900394083 -1.951435401  10.13333388 536.923452 536.923452
 -1.489180357 -0.8127156646   10.96944944  -3.64976138 -2.024202618  9.983608544 536.964652 536.964652
-1.889085095 -0.548580607  11.10073555 -5.180816047 -1.952606827   9.91935009 536.985662 536.985662
-1.973360729 -0.527113323  11.37990837 -6.338359603 -1.717426028  9.970868816 537.017862 537.017862
 -2.498782128 -0.1740033345   11.46449515 -7.043246556 -1.346239549  10.20134727 537.062452 537.062452
-3.086202955 0.2105340384  11.38409363  -7.221025376 -0.8182263063   10.54392125 537.085252 537.085252
-3.028826299 0.3234170506  11.44787854  -6.867481813 -0.1871575563   10.95467102 537.127662 537.127662
-3.554049982 0.6436813995  11.26724166 -6.081446048 0.4956679463  11.36727945 537.160253 537.160253
-3.494022464 0.8726218298  11.22610459 -4.906545775  1.137328774  11.74477468 537.185453 537.185453
 -2.96999511 0.5887448561  11.27287014 -3.542817059  1.631467978  12.02207522 537.228053 537.228053
-3.015120166 0.6308262337  11.14198977 -2.198419453   1.95889752  12.12373275 537.257663 537.257663
-2.80744855 0.683601359 11.02774621 -1.027894611  2.078688511  12.03418519 537.283863 537.283863
-2.501632758 0.7675106836  10.80576484 -0.1732383492   2.000334908   11.71880454 537.328463 537.328463
-2.944986033  1.103314834  10.43546964 0.2942122259  1.755573474  11.19513269 537.357853 537.357853
-2.775794336  1.172500033  10.16536608 0.3707216843    1.3902993  10.56021867 537.386253 537.386253
-2.65517355 1.232707475 9.784431563 0.09299856361  0.9685210806   9.841612103 537.428863 537.428863
-2.957232015  1.216282848  9.407548992 -0.4400937926  0.5500712437    9.13053032 537.459054 537.459054
-2.507542003  1.126491964  9.230492036 -1.093047542 0.1900924953  8.516388093 537.488254 537.488254
-1.742860894 0.9195375913  9.108615021    -1.72283952 -0.06463021737    8.048498095 537.529454 537.529454
-1.543716328  1.016030699  8.941608873  -2.201010373 -0.1848516209   7.762517243 537.562264 537.562264
-1.22577149  1.10553603 8.834177435  -2.427772205 -0.1659928529   7.683615554 537.592064 537.592064
-0.8763453072   1.146360285   8.772758585    -2.35434006 -0.02390475586    7.795716384 537.629854 537.629854
-0.8225274145   1.241527103    8.73709207 -1.983479874 0.2092035917  8.059132942 537.666464 537.666464
-0.7776295895    1.28870468   8.746686954 -1.375724075  0.490450575  8.424260118 537.695464 537.695464
-0.4769174543   1.106127594   8.843818136 -0.6332258909  0.7767616879   8.830264685 537.730264 537.730264
-0.3772301905  0.9484478877   8.943184199 0.1315151037  1.022684656  9.205901886 537.772254 537.772254
-0.4792869725  0.9063738678   9.006602876 0.8003329915  1.200953491  9.502145381 537.798464 537.798464
-0.2715482928  0.6908580342   9.135882109 1.265454519 1.298586662  9.69386933 537.830664 537.830664
-0.2574090915  0.5466875914   9.257198859 1.469244768 1.309134864 9.756877426 537.877055 537.877055
-0.4632894205  0.6466187729   9.308593799 1.393114669 1.252263438 9.700503706 537.901255 537.901255
-0.4643363947  0.3766571561   9.431964717 1.057403584 1.168486801 9.570984448 537.931055 537.931055
-0.5625856004  0.1247369445   9.547129792 0.5243230978  1.065899929  9.388599387 537.980255 537.980255
-0.767285701 0.1470987718  9.588776303 -0.1100109825  0.9659892769   9.193510385 538.003455 538.003455
-0.7554340587 -0.1089724289   9.686320412 -0.7388420431  0.9071212624   9.047127345 538.031455 538.031455
-0.683042602  -0.33230546  9.790060097 -1.269292814 0.8540065526  8.969280391 538.082055 538.082055
-0.5079799102 -0.2706447618   9.850904795 -1.608575722 0.7909577719  8.982341093 538.104655 538.104655
-0.3731533011 -0.4320809638   9.943679047 -1.694527889 0.7395802371  9.091683881 538.131865 538.131865
-0.09470584445  -0.4490607964    10.06267072 -1.511081124 0.6205558413   9.30082221 538.180466 538.180466
 0.4399088931 -0.2236700168   10.12761751 -1.065929924 0.4436592826  9.589931581 538.205266 538.205266
 0.5578255435 -0.3683081937   10.23287653 -0.4428607978  0.2391154816   9.892917523 538.232256 538.232256
 0.6979643086 -0.5516182304   10.34866679   0.2734362056 -0.02346759639    10.20429418 538.262856 538.262856
  0.978118717 -0.5848794082   10.48313247  1.000953638 -0.331357252  10.50534496 538.305656 538.305656
  1.585475196 -0.4610457296   10.52845416   1.655678747 -0.6517647688   10.75925729 538.332656 538.332656
  1.681876666 -0.4698467622   10.67219655   2.125230439 -0.9550860062   10.95170122 538.362866 538.362866
  1.833094257 -0.3441545087   10.81576266  2.399479548 -1.202337824  11.08089015 538.404266 538.404266
 2.176112205 0.0547352695  10.86015085  2.469186042 -1.359738624  11.14374639 538.433266 538.433266
 2.177066751 0.1304591022  10.95759556  2.345298722 -1.423995345   11.1393097 538.464866 538.464866
 2.258961138 0.2573653986  10.98805929  2.100462068 -1.369173802  11.07607641 538.503666 538.503666
 2.665921464 0.5273683709  10.87459119   1.80499439 -1.194824941  10.96077796 538.533866 538.533866
 2.598725325 0.5344089888  10.80540842   1.506808803 -0.9261139598   10.81150772 538.568657 538.568657
 2.686329181 0.5782374196  10.62930937   1.281637795 -0.5746991417   10.62931213 538.603657 538.603657
 2.895028682 0.5915980892  10.37282875   1.164329745 -0.1686408911   10.42169855 538.634257 538.634257
 2.844185797 0.5850193011  10.09509534  1.159851374 0.2671730915  10.20101099 538.671467 538.671467
 3.059869671 0.7599122443   9.74157785 1.264795371 0.716347263 9.960092286 538.703667 538.703667
 2.956829907 0.8908525462  9.465407272  1.44132403 1.144109545 9.727381008 538.734867 538.734867
 2.645381274 0.9695511489  9.248484597 1.664418563 1.528735507  9.50520471 538.773067 538.773067
2.531784508 1.000830584 9.081045224 1.904872088 1.847270606 9.300873742 538.802067 538.802067
 2.065796317 0.8982911052  9.033638582 2.135086261 2.087048569 9.131827717 538.835267 538.835267
 1.739134696 0.7562742762  9.018187755 2.322294705 2.237156616 8.979093817 538.875668 538.875668
 1.698397791 0.6685384986  9.009607269 2.447756011 2.282785745 8.852587298 538.901658 538.901658
 1.250782042 0.3784339913  9.120227709 2.498856465 2.225616122 8.766978928 538.935868 538.935868
 1.005389713 0.1314153408  9.217506437 2.463447109 2.046145613  8.70374181 538.976068 538.976068
 0.9535436588 0.01459288293   9.276864208 2.340798981 1.753175853 8.674788651 539.000268 539.000268
0.6428084637 -0.285143305  9.391902265 2.137366316 1.365735463 8.688752949 539.036258 539.036258
 0.5471733232 -0.4489016518   9.464853732  1.862806034 0.9008840515  8.750245632 539.075658 539.075658
 0.5613734535 -0.5011428045   9.505200666  1.534344216 0.3966984826  8.868718851 539.098468 539.098468
0.3849633021 -0.707291838  9.567919459  1.171254321 -0.111979518  9.044500548 539.136868 539.136868
 0.3966331596 -0.7496946219   9.610858035   0.788628858 -0.5903213223   9.274826463 539.175069 539.175069
  0.420412899 -0.7113813809   9.645540375 0.4064895521 -1.019240458  9.542081906 539.196459 539.196459
  0.111490027 -0.8129652175   9.730332099 0.04067546192  -1.389034702   9.826163334 539.237259 539.237259
0.02568697964 -0.7846576436   9.817718297 -0.2973385669   -1.70443145   10.10094639 539.273859 539.273859
-0.09124963988   -0.746811035    9.902471451 -0.5938989879  -1.973375599   10.34159991 539.296459 539.296459
-0.4532731519 -0.8485029667   10.08422929 -0.8405638211  -2.202823591   10.52566397 539.337659 539.337659
-0.6460148742 -0.8487060829   10.25277179 -1.027498563 -2.411576387  10.63726672 539.374869 539.374869
-0.7434071155 -0.8113079608   10.37079351 -1.143119858 -2.591370428   10.6786255 539.394269 539.394269
-0.8312149301  -1.056082669   10.65785946 -1.174807122 -2.734085795  10.66237108 539.435069 539.435069
-0.7750532659  -1.075426948   10.87204039 -1.108523834 -2.849807786  10.62369514 539.475469 539.475469
-0.866489696 -1.013153714  10.98636858 -0.9379938012  -2.907219977   10.59861571 539.495259 539.495259
-0.8952038958  -1.027988752   11.22648737 -0.6889318682    -2.8807901   10.61768951 539.538869 539.538869
 -1.401608697 -0.4941204454   11.32610136 -0.4569161508  -2.722295345   10.70122198 539.57387 539.57387
  -2.070031094 -0.05430292883    11.30842524 -0.2244615511   -2.40265099   10.78458571 539.59626 539.59626
-2.109147624 0.1805423489   11.3827265 0.01754298257  -1.923891399   10.81708966 539.63926 539.63926
-3.521253134 0.9292345774  11.00874441 0.1248003428 -1.271740265  10.72095092 539.67127 539.67127
-4.42624956 1.644996553 10.60534723  0.4352357739 -0.5931832397   10.51728121 539.687746 539.69767
