0.554958308789 -1.31137429388 -0.57231666623 1.53467508925 -5.21284108371 0.201191383122  8.99223946638 0.0198166102767  -1.35434806713  0.169530989505 527.115232998
 0.555866915507   -1.3786788365 -0.563549679954 1.58975834759 -5.02038993768 0.283079800039  9.01794075719 -0.00153609226154    -2.55679923443    0.390909537204 527.144032997
 0.554856312266  -1.48114575719 -0.546360273855 1.67337020117 -4.70964100037 0.408422811763  9.05128798064 -0.109071092182  -3.24567565423  0.658859728485 527.181632996
 0.548233029749  -1.60584367603 -0.517436087457 1.77398801331 -4.28887442975 0.566113548807   9.0905311991 -0.377242370897  -4.15207779305   1.18770491794 527.214022998
 0.531618180492  -1.73691376825 -0.473197645473 1.87707307792 -3.77052111976 0.741364295997  9.13260753191 -0.69826335794 -3.70153403765  1.56962543531 527.243233001
 0.500751118745  -1.85754800471 -0.410701551868 1.96720920022 -3.17067053977 0.917156093015  9.17397927729 -1.07066172369 -2.90904311963  1.95518414846 527.282023001
 0.452399918323  -1.95215387202 -0.328533568074 2.03064145814 -2.5081531013 1.07604968119 9.21165410822 -1.81056401857 -2.36492016853  2.87090513728 527.317223002
0.385237136694 -2.00842990842 -0.22753780781 2.05766173179 -1.80334798242  1.20211976554  9.24399055065   -2.329242805 -1.02571497563  3.33224197083 527.345823
 0.300510006026  -2.01904074073 -0.111238084919 2.04431056545 -1.07690163408  1.28275106373  9.27096769148 -2.51227077567 0.354946207301  3.32008095905 527.382432997
 0.202341308121  -1.98258946904 0.0141674111567 1.99293846449 -0.348529184081   1.31004635951   9.29378166877 -3.06630558669  1.74313423648  3.80036065962 527.418624002
 0.09754817013 -1.90366094089 0.140311590982 1.91131576824 0.363977937941  1.28164136924   9.3138677075 -3.2303356572  2.9709698591 3.79284046807 527.448623998
-0.0050462435363   -1.79185320182     0.2576677721 1.81029170086 1.04548079417 1.20079619198 9.33166198169 -2.62568632133    3.311492242  2.94338650169 527.482824002
-0.0957286049695   -1.65990199067   0.356974276961 1.70054968138  1.6839640312 1.07573372993  9.3455428951 -2.32166476328  3.92206222095  2.51000581811 527.522234
-0.165264327946  -1.52119168948   0.43088327263 1.58965305927  2.27079832648 0.918311004582  9.35138161911 -1.81268530385  4.47308536627  1.94422202817 527.551834002
-0.206284284694  -1.38708850667  0.475552381722 1.48078283324  2.80085371634 0.742221198377  9.34298085495 -0.668198574273    3.4864170586  0.828315340125 527.583224001
-0.214443741641  -1.26459140112  0.491847279964 1.37371440879  3.27249702166 0.561009138789  9.31342590776 0.239966886171  3.25393418336 0.144060320547 527.625434
-0.189150648781  -1.15475760272  0.485838288754 1.26699721065 3.68745219998 0.38621975176 9.25708572203   1.38182956679    3.6363233238 -0.402073603208 527.654624002
-0.133744892832  -1.05223011346  0.468366180923 1.1595010942  4.05044221863 0.225976598197  9.17177079098   1.78691660777   2.78305269947 -0.429585390969 527.683834002
-0.0551140429088  -0.946000833559   0.453615090711 1.05058164145   4.36849546295 0.0842090024526   9.06045386813   2.34132609451    3.1631195982 -0.157942372937 527.729633997
0.0371719132981 -0.821322381126  0.456836387615 0.940559243177    4.64981704376 -0.0393720793674    8.93202396771  3.42802723412  5.19279798311 0.695213971559 527.756834002
 0.132056238843 -0.662474071606  0.491573772497 0.835437322349   4.90220939306 -0.148582883299   8.80075957629 2.35313321824 4.74593477457  1.4295196371 527.784233996
 0.218341986639 -0.455928129531   0.56689653019 0.759549444321   5.13116714319 -0.249517199587   8.68451334009 2.06932716888 6.30498820034 2.60258169844 527.833824999
 0.286016251604 -0.193376638207  0.685208456046 0.767274689158   5.33793274543 -0.348987694367   8.60191280543 2.14693265081 11.4536811714 5.39838826036 527.858634997
0.327406171853 0.125918908929 0.841134670292 0.911349497482   5.51792813442 -0.452955239853   8.56911791976 0.703185898533  9.28758779805   4.5484843319 527.884625002
0.338052009002 0.493904870819  1.02179630247 1.18418278401   5.66001894841 -0.565238090496    8.5967812335 -0.137048872377   10.3212479553   4.93702188047 527.932634998
0.317208366149 0.893922902268  1.20849843636 1.53629026341   5.74698418881 -0.686733678307   8.68781635971 -1.33864410529   15.428654657  6.82728516988 527.959034996
0.267907060949  1.30236633953  1.37954602974 1.91600613878   5.75735244448 -0.815281411732   8.83641649042 -1.81720635124   12.013355779  4.59560846608 527.985034996
0.196545857495  1.69160977182  1.51364685604 2.27844260385    5.6684634841 -0.946165089426   9.02852245244 -2.11232134408  9.91064738374  2.89544975318 528.025435
0.112017742532  2.03377213157  1.59323022595 2.585954294  5.46029457161 -1.07312677376  9.24367017101 -2.86797266298  10.2180034079  1.55656744072 528.058834997
0.0244675086564   2.30468993732   1.60704089654 2.80976419105   5.1193459483 -1.18966862611  9.45789820615  -2.76602391615   7.46101460243 -0.685566254431 528.085434996
-0.0561565185567    2.48740183825    1.55154779594 2.93217018991  4.64179129954 -1.29037439086  9.64720786356 -2.03327877459  3.75793199258  -2.4520521636 528.119635
-0.121521912495   2.57450946388     1.430983545 2.94797904689  4.03520768133 -1.37199314577  9.79097248503 -1.65495550113  1.22864555059 -4.44911027064 528.157234998
-0.166045566357   2.56898390468   1.25612686719 2.86445529535  3.31848592377 -1.43408738193  9.87470601532 -1.04098801552  -1.4386615137 -6.13242614866 528.186035002
-0.187521596843   2.48329688086   1.04218157604 2.69964260323  2.51991075401 -1.47913992074  9.89172158884 -0.301968252901  -3.32203624705  -6.44525061365 528.220636002
-0.187123251456   2.33710246274  0.806241948771 2.47933239251  1.67378335101 -1.51211986137  9.84341549637 0.283713028728 -4.98947611956 -7.23233018667 528.255835998
-0.168796536947   2.15399145696  0.564847783717 2.23320945868 0.816237485063 -1.53960669476  9.73816073006  0.72166033222 -5.59224082652 -6.99518334224 528.286636002
-0.138201896495   1.95800444905  0.332038459918 1.99076134319 -0.0189897304207   -1.56864794201    9.58904064224 0.967645585611 -5.50965748929 -6.41897423322 528.323626
-0.10145808368  1.77057440956 0.118151386959 1.77741026012 -0.804141393447  -1.60556985126   9.41085467436   1.1708282479 -5.51450626233  -6.3503974596 528.356225998
-0.0639713837911     1.6083847436 -0.0705767487106 1.61120293534 -1.51989795496 -1.65496941334   9.2169545377  1.06300663966 -4.26322174864 -5.17474538678 528.387026001
-0.029588204682   1.48233798678 -0.231713149079 1.50063065155 -2.15650465439 -1.71908892341  9.01650463719 0.932088909632 -3.08220807586 -4.31630239451 528.423835998
-0.00020718567122     1.39753090298   -0.365854976125 1.44462539479 -2.71362909413 -1.79771254016   8.8127002224 0.842126490291 -2.01286495935 -3.82327279842 528.455435997
0.0241394679684   1.35391719623 -0.475637965285 1.43523724944  -3.1991942083 -1.88863125362  8.60232515974  0.647329282919 -0.722288325755  -2.85822145536 528.487636002
0.0448411075429   1.34726613489 -0.564761470222 1.46153764283 -3.62751100606 -1.98860759781  8.37680326794 0.594367088864 0.240752434063 -2.40402665964 528.525026999
0.0640815298003   1.37009600018 -0.637190957172 1.51237621248 -4.01701817259 -2.09465225223  8.12462131311 0.623166016288  1.03086289062 -2.08585187752 528.554837
0.0842314332392   1.41242698119 -0.696608173448 1.57712011555 -4.38786108694 -2.20532762408  7.83472069679 0.613963255221  1.30718472748 -1.54261262612 528.588237002
 0.107427335005   1.46238324064 -0.746099407033 1.64522633701 -4.75946221127 -2.32174776039   7.5002213075 0.787737062495  1.45220136213 -1.40659902938 528.625436999
 0.135426463662   1.50680554538 -0.788023042102 1.70580877989 -5.14819129922 -2.44797196852   7.1217088028 0.985947607885  1.10279529779 -1.23255372912 528.653227
 0.169729366754    1.5320688782 -0.823984480185 1.74785397819 -5.56525635841 -2.59059697972  6.70932850295  1.08261497267 0.260902797306 -0.94659018287 528.688627001
 0.211869906974   1.52522789192 -0.854861774995 1.76124888477  -6.0149923493 -2.75752245038  6.28310355026   1.53539076221 -0.924704437995 -0.929086769727 528.723837
 0.263710633096   1.47546772088 -0.880853880021 1.73852001752 -6.49378583489 -2.95605962718  5.87121586685   1.77451416066  -2.29379238055 -0.716074522097 528.749837
0.327568224834  1.37567263571 -0.90154983165 1.67707132869 -6.98989222391 -3.19072517591  5.50640192075   1.94963457565   -3.4474677527 -0.481876592293 528.789036997
 0.406035901828   1.22379913617 -0.916031351918 1.58166460319 -7.48434110168 -3.46116736758  5.22103660927   3.00846531218  -6.08940517378 -0.371458595315 528.822837997
 0.501460529925   1.02369892406 -0.923020510113 1.46676140264  -7.9529756064 -3.76068253751  5.04180842945    3.18820247089   -6.68849856442 -0.0768486132172 528.846837997
 0.615150114543  0.785100488797 -0.921071852764 1.35763242407 -8.36945890531 -4.07569168834  4.98503817858  3.25892585487 -6.66424218084 0.189234194469 528.888428001
 0.746499168709  0.522614546799 -0.908791990813 1.28696925215 -8.70885651165 -4.38637821733  5.05360979201  4.86207200498 -9.32036922911 0.631846461901 528.922027999
 0.892288212561   0.25383945475 -0.885056605249 1.28216142414 -8.95122999167 -4.66847197091  5.23617217754  4.86869865373 -8.53509609062 0.967556590689 528.945428
    1.04641101692 -0.00314739191897   -0.849190502612 1.34763141554 -9.08460921752 -4.89594443442  5.50880356404  4.04031572394 -6.38121350357    1.101882474 528.983628001
  1.20020066768 -0.232472816567 -0.801082143596 1.461594285 -9.10677553918 -5.04419823537  5.83881672443  4.77365123119 -6.74621057669  1.73562322323 529.021637999
  1.34337984359 -0.422829128678 -0.741217387868 1.59149523791 -9.02548257303 -5.09322864197  6.18994661348 3.85595634934 -4.8923853916 1.89606377364 529.045837997
  1.46549045422 -0.569068918445 -0.670632961033 1.70916654361 -8.85702722069 -5.03022891605  6.52790126187 2.83995739193 -3.3144240179 1.99487890091 529.090437996
  1.55751263919 -0.672736709263  -0.59080351294 1.79651582018 -8.62339919343 -4.85120825996  6.82522693917  2.61163517627 -3.04559074249  2.95314452062 529.121238
  1.61330901977 -0.741449371457 -0.503484964695 1.84553793604 -8.34851194379 -4.56137116975  7.06463871366  1.04644280794 -1.64073500289  2.58254036366 529.147038002
  1.63055434839 -0.787260014343 -0.410542192601 1.85661808273 -8.05419026514 -4.17423265782  7.24034182956 -0.0323013310315   -1.12607211739    2.57729738631 529.191038002
  1.61093160959 -0.824329402095 -0.313793307258 1.83659626854 -7.75662450449 -3.70966852071  7.35732026571 -1.24986455162 -1.39233591009  3.44423163966 529.220638999
  1.55956079705 -0.866346080731 -0.214906405191 1.79693354755 -7.46389786198 -3.19127868581  7.42898193653 -1.80042143253  -1.4140317506  2.81032689175 529.247838997
  1.48382185577 -0.924160044227 -0.115384227628 1.75188829752 -7.17498436007 -2.64354032551  7.47382530825 -2.24172277885 -1.84063540964  2.65034397313 529.291238999
   1.39187992807   -1.00402561358 -0.0166606699349 1.7162968114 -6.88035331472 -2.08922829242    7.511873883 -3.28576758361 -3.11518432257  3.32900812416 529.322639
 1.29127587036 -1.10670985028 0.079695653527 1.70251327844 -6.56405400149 -1.54748614504  7.56151831996 -2.94774912186 -3.23014523331  2.72226753143 529.349839001
 1.18789568658 -1.22755166619 0.171720245317 1.71681888912 -6.20692861882  -1.0327650869   7.6371729754 -2.88235865227 -3.51144330322  2.48119371545 529.391839001
 1.08550140667 -1.35739529566 0.256830551605 1.75692834937  -5.79043200326 -0.554651415525    7.7478869589 -3.49571495717 -4.44019163505  2.76891058897 529.42123
0.985839877013 -1.48419916934 0.331766037819 1.81240065693  -5.30043442298 -0.118424867945   7.89683553564 -2.76446359085  -3.3467177068  1.91476664295 529.449639997
0.889196856999 -1.59504570802 0.392798124055 1.86792190078  -4.7303630396 0.273925806362  8.08150497457 -2.61191456853 -2.65811065919  1.43131304595 529.492239996
0.795170107532 -1.67824125355  0.43625189345 1.9076438136  -4.0831146229 0.622534642073  8.29437397732 -3.16013201313  -2.2136958761   1.1308307301 529.52264
 0.70341268582 -1.72518889567 0.459279666301 1.9188548523 -3.37135509288 0.928594007695  8.52395103782  -2.58648601445 -0.764394757269  0.349614387133 529.551029999
0.614141947039 -1.73174124389 0.460721404992 1.89429730505 -2.61609712293  1.19355319354  8.75609681252   -2.3282769092  0.350795036494 -0.232172399299 529.592630001
0.528302973953 -1.69880560014 0.441817979599 1.83309782239 -1.84377315275   1.4186323495  8.97559700535  -2.69823038584    1.6125030749 -0.876709947102 529.626240002
0.447391312672 -1.63208855594 0.406540731391 1.74044460049 -1.08233084468  1.60461905999  9.16792947497 -2.31758617591  2.35531194103 -1.20085491541 529.65443
 0.37304788098 -1.54102325824 0.361372711381 1.62619421979 -0.357095435873   1.75186878257   9.32109459231  -1.8818798504  2.60656789354 -1.23024592275 529.693229999
0.306607882786 -1.43709121421 0.314506035037 1.50271540813 0.312793314187  1.86042553974  9.42728385876 -1.94724577918  3.27750890661 -1.36033629372 529.729239999
0.248794129593 -1.33188541791 0.274569653724 1.38246366322 0.916678575283  1.93020565942  9.48409614013 -1.66021471186   3.1331584911 -1.01514566595 529.757039998
0.199690059143 -1.23531581455 0.249130656473 1.2759104065  1.4530016987 1.96122623673 9.49501444624  -1.20347115959   2.38071212769 -0.419400295785 529.793639997
 0.15902600939 -1.15430571378 0.243286165237 1.19033571346  1.9281855098 1.95389010671 9.46894579838 -1.10278195932  2.16246686555 0.144033739608 529.831631001
0.126695817464 -1.09217996828 0.258664393864 1.12952033267 2.35410655669 1.90934528533 9.41878929588 -0.892627179551   1.69159242454   0.79802245388 529.859830998
0.103326072024 -1.04875034391 0.293082767577 1.09382405791 2.74476557568 1.82991592454 9.35919582343 -0.47261737001 0.934968190549  1.08015914304 529.894031002
0.090677647519 -1.02092604213 0.340983322558 1.08017685844 3.11290999625 1.71956273853 9.30386867369 -0.169710971927  0.658544184787   1.47993439257 529.936040998
0.0916839000376   -1.0035742155  0.394606260911 1.08225747616 3.46733874009  1.5842893781 9.26288308636 0.331174364689 0.523513043121  1.79313148696 529.962630998
 0.110018229659 -0.990352881606  0.445702197293 1.09158292843 3.81144097388 1.43238339019 9.24054398154 0.753005379793 0.382823913516   1.2152841783 529.994440996
 0.149213511807 -0.974326468128  0.487453973348 1.09963089932 4.14322894253 1.27437740721 9.23424247482  1.44140100314 0.597157469707  1.00150542116 530.039030999
 0.211492861721 -0.948312995142  0.516208179944 1.10022618236 4.45678089781 1.12264223988 9.23461750772 2.63103652124 1.23685885702   0.806467984 530.064840997
 0.296577872982 -0.905050000904  0.532624246854 1.09122065927  4.74468315719 0.990575891362  9.22709979235  2.43304294762   1.4261464679 0.330744630195 530.095041002
0.400786044793 -0.83735736869 0.541940444101 1.07494011998 5.00082076855 0.89142263842 9.19464846042  3.05717442537   2.3132928873 0.286034842102 530.142642001
  0.51669749039 -0.738490598509  0.553219041671 1.05754241935  5.22277252266 0.836831292551  9.12123728294  4.40953157524  4.44297876993 0.676221371898 530.167042002
 0.633565220687 -0.602812515357  0.577638170942 1.04807140695  5.41314870392 0.835326657659  8.99546287016  2.89540002773  4.06929256514 0.951522739462 530.195432001
 0.738485126574 -0.426782796368  0.626105681561 1.0580700175  5.57945842975 0.890909807729    8.813578623 2.60002486025 5.53102450029 1.81689938242 530.243642
 0.818166984398 -0.210109778745  0.706638026139 1.10130860047 5.73245374586 1.00201278018 8.58132924984  2.3474362997 9.00569326059 3.75420861875 530.266432001
 0.860997832786 0.0432243568893   0.82203783854 1.19118924654 5.88328484573 1.16100924406  8.3141640426 0.514284961189  6.73208558288  3.29664340622 530.295832002
0.859001210317 0.324417816536 0.968391512593 1.33450819431 6.04012099466 1.35442707436 8.03570457733 -0.710219637169   7.92405418161   4.29594806294 530.345832001
0.809293847535 0.620095452946   1.1347828313 1.52551859269 6.20506479154 1.56392687457 7.77467319894 -2.86196898071  11.6859693023  6.66535149208 530.368631996
0.714729365353 0.913507482701  1.30439185486 1.74550052927  6.3721642462 1.76800952503 7.56078290309 -2.97734476909  7.47264696589   4.2483815637 530.396241997
0.583578355319  1.18660431197  1.45685689734 1.96749218786 6.52710187555 1.94430507133 7.42028521138 -3.9782741036 7.07134763638 3.70955457102 530.444442999
0.428289631317  1.42265161996  1.57148351246 2.16262111106 6.64875628692 2.07218707273 7.37193185615 -6.13174104954  8.09053133465  3.33027646765 530.468243002
0.263562774974  1.60884916208  1.63066403431 2.30584608235 6.71237934659 2.13536721889 7.42402248964 -4.79649539526   4.6707699943 0.759129035343 530.496633001
0.104094509341  1.73834896213  1.62279304368 2.38036762783 6.69372870684  2.1240744412 7.57300957528 -4.27769977724  2.87388178152  -1.2301166467 530.535833002
-0.037587293622   1.81117044237   1.54406382116 2.38031179885 6.57325433813 2.03643153614 7.80385968003 -4.18366966626  1.55372590883 -3.64762301547 530.567033002
-0.152824644225   1.83376326995   1.39879251486 2.31142025641 6.33943071808 1.87872608676 8.09208112649  -3.07023851512 0.0940578634756  -5.30274663213 530.597243002
-0.237797534285   1.81730395525   1.19827173557 2.18974804152 5.99055753359 1.66443341644 8.40706992692  -2.05304857986 -0.854795169053  -6.41916886699 530.632242998
-0.293643239879   1.77513287199  0.958501742401 2.03863892235 5.53475227351 1.41206839517 8.71623604832 -1.34103981782 -1.48402157265  -7.6354731091 530.665832998
-0.325769749403   1.71995213669  0.697384682136 1.88433189142 4.98830653957 1.14217789652 8.98927333749 -0.731867951347  -1.70155784362  -7.88010709407 530.697843001
-0.342539337038   1.66145179401   0.43203179466 1.75054469604  4.37294120142 0.873979348333  9.20193729257 -0.411462435891  -1.70193696902  -7.70214198464 530.732642997
-0.353584610069   1.60490119758  0.176719883975 1.65286413473 3.71267571559 0.62224855947 9.33878968068 -0.388915068581   -1.6841042987  -7.47314995931 530.765443001
 -0.368052164944    1.55097455459 -0.0582068312661 1.59510893055  3.03099415944 0.395029822037  9.39454030035 -0.580504104818  -1.59063530063  -6.51843454003 530.798242996
-0.393053665329   1.49675231103  -0.26647500635 1.57027627932  2.34878670466 0.192586034463  9.37383784029 -0.965701669793  -1.69827679221  -5.79533279067 530.833434002
-0.432552345547    1.4375449487 -0.445282905947 1.56585883064    1.68325847377 0.00776271599344    9.28960200089 -1.43377489194 -1.95308949606 -5.01212578473 530.865033996
-0.486836880793   1.36900072739 -0.594318153165 1.56983668172   1.04772355145 -0.172335660649   9.16021330567 -1.71046678478  -2.1167680742 -3.83809804743 530.898844002
-0.552644226075   1.28892665284  -0.71475578684 1.57404682009  0.452011464091 -0.363705329018   9.00605191319 -2.04597006106 -2.54710123631 -3.19730528181 530.935244001
-0.623896413935   1.19837041712 -0.808505632041 1.57449031404 -0.0968612070939  -0.582356384733    8.84597443928 -2.18500631276 -2.91571897108 -2.54006515748 530.965834001
-0.692921633021   1.10173749267 -0.877827971888 1.56988784329 -0.594065957852 -0.841360033405   8.69432035644 -1.83428540769 -2.75586064701 -1.67283618896 530.999444002
-0.751947874731   1.00598379063 -0.925286323188 1.5599947991 -1.03658410168 -1.14856251287  8.55894237594 -1.52238546241 -2.73364271518 -1.13899270208 531.035643999
-0.794601748635  0.919157512643 -0.953901287412 1.54472332089 -1.42313426609 -1.50535629036  8.44057013966  -1.01529989644   -2.4498031786 -0.654927836154 531.066233995
-0.817130124984  0.848706434042  -0.96733268827 1.52438078646 -1.75434247872 -1.90669659027  8.33357307577  -0.35296925111  -1.71708666916 -0.231172103592 531.099843996
-0.819098169331   0.79998997245 -0.969944863686 1.50056616169 -2.03301985015 -2.34232838376  8.22793082267   0.206118460128    -1.1016968063 0.00983068144559 531.135635
-0.803404489896  0.775343338222 -0.966678053328 1.47684884985  -2.2643998001 -2.79898258407  8.11199901895  0.673648947242 -0.404376988112  0.111761286291 531.166434999
-0.775580445798  0.773867218092 -0.962725084336 1.4585044008 -2.45621780567 -3.26313731929  7.97551931028  0.887934875885  0.241502663167 0.0525961699105 531.200235002
-0.742483279763   0.79191283548 -0.963069430211 1.4511754157  -2.6185637941 -3.72383663272  7.81229219486  0.987042567459  0.762620607329 -0.140395809458 531.235044997
-0.710623179336  0.824055276472 -0.971964531859 1.45902962714  -2.7634731183 -4.17502302326  7.62201265192 0.881889857686  1.09924658149 -0.44618338611 531.266044997
-0.684454924436  0.864243263896 -0.992428298379 1.48334382063 -2.90423308269 -4.61687811067  7.41094082793  0.665243710377   1.20642174631 -0.784989633063 531.300845001
-0.66499411146 0.906803747283 -1.02580697289 1.52210057158 -3.05437717402 -5.05578500906  7.19130618543 0.544382244522  1.27429024408   -1.215873652 531.334635
-0.649075522152  0.947059387355   -1.0714479275 1.57042070095  -3.2263474041 -5.50273248581  6.97957905162 0.533460859276  1.12074286176 -1.51201392525 531.365835001
-0.629460285333  0.981456425714  -1.12652221561 1.62127396471 -3.42985930421 -5.97026765843  6.79394623726 0.796973667294 0.901130026876 -1.71559382805 531.401244997
-0.595836885304   1.00725577304  -1.18605130843 1.66622432237  -3.6701173664 -6.46843750948  6.65146462867  1.51294763257 0.659883581059 -1.90060460196 531.432636
-0.536578916195   1.02196733909  -1.24320223402 1.69643330848 -3.94617737931 -7.00047368027  6.56541876744  2.23782856012 0.224227570651 -1.50050477638 531.462635998
-0.440956768439   1.02277456342   -1.2899012455 1.70421709367 -4.24987631407 -7.55917968573  6.54336864981   3.43847055481 -0.230662495244  -1.09010657515 531.501846001
-0.301387526311   1.00619002415  -1.31776552501 1.68515838561 -4.56577601553 -8.12498665677  6.58624645195     5.774499427 -0.969207898781 -0.520706947585 531.531035999
-0.115275005161  0.968111238671  -1.31926911694 1.64042637755 -4.87243981874 -8.66640180604  6.68866036011  5.83253842576 -1.43040774728 0.404430947779 531.558246
0.113947518523 0.904330692502 -1.28896599836 1.57868026633 -5.14507939675 -9.14309958429  6.84031831717  6.93179031764 -2.20715499811  1.33461329956 531.602245996
0.376812790546 0.811425305018  -1.2245249186 1.51652899116 -5.35923734445  -9.5112948837  7.02823944229  10.4816553986 -4.16412642486  3.10916427998 531.629236
0.658888824281 0.687837743153 -1.12732053511 1.47584105938 -5.49482597069 -9.73044832673  7.23923582259  7.71013304141 -3.76750382939  3.02636519752 531.654236
 0.94273656755 0.534890518192 -1.00238970849 1.47636216083 -5.53965032611 -9.76995832017   7.4620816433  7.33275104707 -4.39272537638  3.58501041903 531.702636001
 1.21038503395 0.357460865549 -0.85769189982 1.52592450528 -5.49158554584 -9.61442080896  7.68887399622  9.78625971413 -7.21250374981  5.82790385161 531.729446
  1.44584817281  0.164095705308 -0.702777175429 1.61595176216 -5.35885826068 -9.26632127397  7.91531623344  5.79925704531 -5.31260064391  4.21972036179 531.754046001
   1.63721033257 -0.0335465236039  -0.547120495679 1.72653522383 -5.15832387327 -8.74559497364   8.1399559112  4.30188641576 -5.00050100709  3.94210013671 531.803045997
  1.77791508287  -0.22189796297 -0.398482527687 1.83548605898 -4.91211235816 -8.08619875287  8.36269269498   4.2417555231 -6.52517360479  5.26744404647 531.831237
  1.86707532619 -0.387152237287  -0.26167241044 1.92466349757 -4.64340391245 -7.33049354864  8.58305307675  1.81327746866 -4.08888107009   3.6077125989 531.857237002
  1.90883372095 -0.517115187149 -0.138005668412 1.98244794522 -4.37229031121 -6.52267366161  8.79876222226 0.587041312854 -2.88388727487  3.15579337156 531.903437002
   1.91099188501  -0.602895835495 -0.0255875179703 2.00400301749 -4.11263117489 -5.70259743535  9.00502917718 -0.458320518147   -2.2041182809   3.89993805776 531.932046999
   1.8832548551 -0.640127017458  0.079649855219 1.99066711109 -3.87054550806 -4.90116755244  9.19473903633  -1.05183727933 -0.370701476649   2.89734447642 531.959246997
 1.83548048376 -0.62950849555 0.182412850171 1.94898537709 -3.64476526152 -4.13795806961  9.35947822003 -1.46563930018 0.870134607996  2.83245392405 532.003837001
   1.7762778381 -0.576615889757  0.286390675803 1.88935662638 -3.42863037233 -3.42122491922  9.49108012363 -2.18618503889   2.4545060545   3.7316436052 532.032237001
  1.71217965372 -0.491074360984  0.392877539001 1.82402465862 -3.21313528534 -2.74991366632  9.58323383953 -1.78898621288  2.65662178812  2.96636919877 532.060236999
  1.64745294733 -0.385312564322  0.499998911169 1.76424655223 -2.99022786305 -2.11691138732  9.63268790002 -1.74017233934  2.96884136259  2.85888299189 532.104246997
  1.58444926052 -0.273158430466  0.602722414941 1.71708162204 -2.75554919883 -1.51264363611  9.63970439046 -2.1538644724 3.79090904693 3.38613111962 532.133638001
   1.5242712741 -0.168506667086  0.693655152048 1.68313840306  -2.50997488653 -0.928196433346   9.60763719663 -1.64751989034   2.6614031346  2.27798665949 532.161438002
   1.46747534516 -0.0841988028337    0.76445947211 1.65679558532  -2.25962286362 -0.357397680195   9.54175667087 -1.46272051966   1.8311781763  1.51897124156 532.204638002
   1.41455261128 -0.0311499962879   0.807593181388 1.6291519754 -2.01435394388 0.202361487728  9.44765258416 -1.73090377482  1.13500818374 0.913841223875 532.236447999
   1.36602707823 -0.0176759753591   0.818019704491 1.59232492146 -1.78512664019 0.750441457947  9.32966444791  -1.34305256249 -0.258686811313 -0.189657119074 532.263248001
   1.32215059344 -0.0489476492023   0.794544771379 1.54330147989 -1.5808086723 1.28402179829 9.18978667188 -1.11905840714 -1.45532618683 -1.03622194239 532.305248001
  1.28232151279 -0.126534369692  0.740510306362 1.48617459362 -1.4051520809 1.79941500192 9.02737885853 -1.31228615054 -3.36352318674 -2.21030426414 532.338047997
  1.24446325533 -0.248068216724  0.663694762315 1.43203260142 -1.25459912257  2.29314515032  8.83980870153 -1.14916679661 -4.15088005308 -2.44231895281 532.364447999
   1.2046378391 -0.407133854947  0.575409548879 1.39571001579 -1.11742307778  2.76246203086  8.62391539729 -1.14932370122 -4.54600328862   -2.299919597 532.405647996
  1.15712499778 -0.593523553324  0.488921571869 1.3893353707 -0.97446061946   3.2051874444  8.37796213174  -1.8138341257 -6.40447790903 -2.61513214806 532.440438999
  1.09508043715 -0.793970749562  0.417452942028 1.41557679898 -0.801406171838   3.61902475408   8.10359926633 -2.20934477888 -6.07602116639 -1.77523066523 532.466049
  1.01172801484 -0.993386514629  0.372093639352 1.46590041269 -0.572359099348   4.00064070432   7.80732108686  -2.48327405603  -4.91674354311 -0.738514355989 532.506249001
0.901881713698 -1.17649340097 0.359996524569 1.52549167344 -0.264082584094   4.34490402795    7.5009800098 -3.95369202439 -5.35488575978 0.176812059546 532.543849001
0.763475698062 -1.32961978413 0.383195668328 1.58038692481 0.139717689558  4.64462191696  7.20110851909 -4.82792575083 -4.23374246852  1.24699474846 532.569038999
0.598736251383 -1.44233009444 0.438295325966 1.622006163 0.644832597513  4.89096928859  6.92705416389 -4.34861633117 -2.23087770467    1.669759804 532.606639001
0.414673171818 -1.50855849012 0.517127106169 1.64776302952 1.24437243031 5.07460014437 6.69820506848 -5.61255726453 -1.26370891848  2.53724830178 532.649249002
 0.22269491761 -1.52699859132 0.608290960851 1.65871505005 1.91845289538 5.18722344448 6.53081434742 -6.52946928107 0.136638729903  3.15263754194 532.673639001
0.037335136086 -1.50066213779 0.699318032605 1.65602731708 2.63594157495 5.22327591897 6.43506629894 -4.38815553717  1.14972404168  2.15074956279 532.707039002
-0.125724632041  -1.43571050241  0.779060476137 1.63829379395 3.35812467448  5.1812736199 6.41302569739 -4.14445540704  2.30386306768   2.0131689465 532.753039001
-0.251989279437  -1.33982946618  0.839857348773 1.60125012464 4.04381707629 5.06448760638 6.45796409127 -3.76188617481  3.95511175665  1.83790093204 532.776848998
-0.330408843887  -1.22051288742  0.879060658558 1.53999004993 4.65516329248 4.88074940383 6.55529126426 -1.29584267848  3.21864521112 0.750826919981 532.807448997
-0.35513965218 -1.08362208949 0.899623922252 1.45247520009 5.16321408855 4.64140388108 6.68499498383 0.0544629969151   4.00010938855  0.424579634471 532.856449998
-0.326487453369 -0.932500990919  0.909630818986 1.34297445326 5.55234435857 4.35963220481 6.82518044499 2.02060794199 6.12093048091 0.41110776487 532.879450002
-0.250876277749 -0.767782062665   0.92083708386 1.22489556187 5.82270930652 4.04851082056  6.9560677599  2.33296738289   4.3085836739 0.460639366181 532.908050001
-0.139873402735 -0.587857401909  0.946477359849 1.12292488016 5.99020370798 3.71921959899 7.06369572039 3.31156827372 5.16295429648 1.06397510751 532.959439998
-0.00846948516493   -0.389853816041    0.998720060106 1.0721471394 6.08376307677 3.37975872411 7.14261225281 5.44667188373 8.50822696565 2.85126334239 532.981249999
 0.127067977145 -0.170869212603   1.08621777147 1.10689277064 6.14028448109 3.03440357924 7.19700261716 3.26507860545  5.7877281184 2.68211012529 533.008449996
0.251398116559 0.070791456954  1.21218920129 1.24000608995 6.19789302587  2.6839614298 7.23998945389 3.04808225317 6.84929753848 3.89110489706 533.060839998
 0.35201645208 0.334608956188  1.37338131881 1.45672749098 6.28866204655 2.32673632715 7.29118592864 3.52430139928 11.3818503333 7.24678878152 533.082249997
0.420599820823 0.617234072352  1.56010751853 1.72968713319 6.43211745959 1.95999038776 7.37292728706 1.29961928933 7.38883513347 4.91080968165 533.108849996
0.453634986422 0.912349378264  1.75736244804 2.03137610075 6.63083016208 1.58162330526 7.50587283624 0.432112597495  8.09069764937  5.26911200709 533.160440999
0.452312999272  1.21101851607  1.94681295206 2.33692823293 6.86907825011  1.1917750535 7.70479762155 -0.65251266047  12.0924892656  7.21185697153 533.182241002
0.421792366599  1.50246289133  2.10930109026 2.62382442814  7.11497521781 0.794078932259  7.97535059211 -1.16215128537  7.96673838544   3.9626495204 533.209241002
0.370021072527  1.77514322157  2.22740814491 2.87217619502  7.32573161021 0.396342979408  8.31235607637 -1.62117280368  7.23931761001  2.50438660563 533.253050997
0.306348656829  2.01797467342  2.28763845183 3.06583772702   7.45502667165 0.0105107858858   8.69992894897 -2.29446181349  7.88582281367  0.96246593471 533.280450999
0.240154537385  2.22148078079  2.28188371535 3.19368820514   7.46099817367 -0.348155247408   9.11333440594 -1.93687179028  5.51575007629 -1.21780832519 533.309650996
0.179677241744  2.37870472841  2.20799378736 3.25050098619  7.31323998723 -0.66261761916    9.522224523 -1.50535272746  3.65013588496 -2.93393768448 533.345850999
0.131166999917  2.48575061886  2.06946662699 3.23710565804   6.99745631718 -0.916168758116   9.89467983448 -1.26179131493  2.53427087717 -5.17948796976 533.382050996
0.0984178791377   2.54191177677    1.8744347542 3.15982708508  6.51698263263 -1.09482399253  10.2013982075 -0.757747918906  0.995201087168  -6.80147853946 533.410251001
0.0826779504098   2.54943453482   1.63423319198 3.02938446167  5.89109443656 -1.18964870925  10.4193985563 -0.221149864167 -0.411339843512  -7.30145279623 533.446041999
0.0828929378608   2.51303530904    1.3618654776 2.85952710823  5.1507068687 -1.1986336703 10.5347181282 0.208802937077 -1.69914129026  -8.6960863562 533.480451999
0.0962104690484   2.43931318547   1.07063982329 2.66566593975  4.3325627734 -1.1277639113 10.5437497555 0.533765798344 -2.63972732546 -8.78685356289 533.510852001
0.118655247164  2.33617357421 0.773146275474 2.46364388656   3.4732146012 -0.99102687584  10.4530655793 0.726117596163 -3.31867428048 -8.62599658402 533.547452001
0.145876909302  2.21231587987 0.480621696432 2.26861606273   2.60400417693 -0.809264506771   10.2777883188   0.8627384687  -4.0531723979 -8.91414587329 533.579251996
0.173870509161  2.07677054074 0.202640939583 2.09386489136   1.74788806261 -0.607966001088   10.0387821111 0.765040227914 -3.90205187135 -7.60239174028 533.611452001
    0.1995750867    1.93843083964 -0.0529902175807 1.9493979323  0.918454494614 -0.414285637635   9.75911754989 0.687055736548 -3.93157609835 -6.99972427539 533.649442001
 0.221270484693   1.80553110419 -0.280270040903 1.84050386889  0.120962311374 -0.253714877963   9.46038823491 0.627286953056  -4.0602542011 -6.76377345019 533.680442001
 0.238717793527    1.6850709713 -0.475049691193 1.76695290609 -0.645178031652 -0.146910420492   9.15948845804 0.449763023399 -3.16260770203 -5.02610840381 533.711842002
0.253023754039  1.58225100117 -0.63511329302 1.72363225364  -1.38328635543 -0.107166458075   8.86638658496 0.393268003531 -2.64298201869 -4.07359614938 533.751042001
 0.266250486301    1.5000358012 -0.760242156024 1.70263468252  -2.09647518469 -0.138923359556   8.58325239426 0.452851248803 -2.33317214474 -3.53472099662 533.781852002
 0.280833349159   1.43897090012 -0.852180508883 1.69579369061  -2.78553617123 -0.237544272478   8.30505048693 0.453534831314 -1.42632079962 -2.14141532155 533.812452001
 0.298905446653   1.39733928057 -0.914426195689 1.69648955152 -3.44799968746 -0.39039454689  8.02144554482  0.584784019528 -0.964288061577  -1.42741440383 533.853853
 0.321651856721   1.37166263208 -0.951815457329 1.70025614482  -4.07838918496 -0.579061102107   7.71963334192  0.846099691974 -0.675980628163 -0.940911924719 533.882252997
 0.348825325252   1.35745642609 -0.969939995659 1.70445024904  -4.66941373212 -0.782383561399   7.38755920549  0.772983958551 -0.293393825583 -0.308235616703 533.912852996
  0.37854347666   1.35006884629 -0.974501598953 1.70752288998   -5.2136711744 -0.979861359131   7.01693870992  0.847327808179 -0.174258768345 -0.011682465626 533.955852998
 0.407451937075   1.34539946174 -0.970748305466 1.70835273444 -5.70539227505 -1.15496274463    6.605556382 0.915523739128 -0.16926708119 0.197453248327 533.982042997
 0.431277646129   1.34031906203 -0.963128291398 1.70589322696 -6.14182890231 -1.29789020262  6.15846906409  0.51850469739  -0.1721704258 0.210133026929 534.013453001
 0.445717584138   1.33269328419 -0.955240487918 1.69918213982 -6.52403689218 -1.40743921241  5.68794843204 0.243200152166 -0.28880172124 0.195505835125 534.055842998
 0.447523415552   1.32102710793 -0.950068502208 1.68760777026 -6.85697566885 -1.49170523583  5.21222186868 -0.174925464937 -0.497111751824 0.0837298811227 534.080252997
 0.435571906505   1.30386080069 -0.950384154494 1.67122886357 -7.14899489133 -1.56752899212  4.75327317408 -0.484421335965 -0.566234222741 -0.122475369281 534.113843001
 0.411676235097   1.27912577358 -0.959131679938 1.65093114534 -7.41087136178 -1.65870737011  4.33411255092 -0.862012312047 -0.948957105152 -0.460461812328 534.154253001
 0.380911706383   1.24368743129 -0.979582037701 1.62832218047 -7.65458645592 -1.79312641494  3.97599752895  -1.02669269956  -1.46036944686 -0.951744333927 534.177253001
0.351306705146  1.19325605122 -1.01509424605 1.605519459 -7.89200597671 -1.99908778291  3.69607238225 -0.64398982397 -1.62135434957 -1.19117664339 534.213053
0.332875862307  1.12274899123 -1.06843309307 1.58521951521 -8.13356705075 -2.30119763611  3.50579416732 -0.253123636902  -2.77028674849  -2.09448956353 534.251843999
0.336121565006  1.02706377847 -1.14074476977 1.57134857408 -8.38702333168 -2.71626388695  3.41034435805 0.644660897435 -3.80425191855 -2.79326237538 534.273044
0.370266194358 0.902102379955 -1.23044231084 1.56999173212 -8.65627814579 -3.24969771885  3.40901824793  1.37277175152 -3.66180026092 -2.49457743974 534.309843999
0.441564161983 0.745800903783 -1.33235326063 1.58945371381  -8.9403580419 -3.89292702446  3.49638454308  2.98990554768 -5.64496041518 -3.40541402372 534.349853999
0.552052453939 0.558888782405 -1.43749148608 1.63813929675 -9.23263853413 -4.62228656552  3.66386194816  4.54870094341 -7.07880222207 -3.55757787846 534.370644
0.699020645791 0.345140681812  -1.5337121767 1.72047231725 -9.52050127058 -5.39973450469  3.90130432608  4.18696265521 -5.80100013713 -2.19934604986 534.406454002
 0.87532784211 0.110993559652 -1.60730299542 1.8335597401 -9.78563622923 -6.17554554462   4.1982347894   5.9723158817 -7.72632613485 -1.79400721887 534.447854001
   1.0704986831 -0.135436790155  -1.64529942255 1.96756721473 -10.0051654973  -6.8928523848  4.54450597172   5.83846962505  -7.30474014987 -0.452337203822 534.468654
  1.27234377661 -0.385728770539  -1.63806192528 2.10971378185 -10.1536399991 -7.49358285357  4.93034614951  5.14564468459 -6.42365257295 0.824377763014 534.515854001
  1.46872527093 -0.632569686481  -1.58150000308 2.24909772786 -10.2057641914 -7.92503368123  5.34592431466  7.21813461457 -9.29456351988  3.06036542905 534.546045
   1.6490654486 -0.870821345919  -1.47833838964 2.37975441266 -10.1394866092 -8.14611539945  5.78068644767  4.80800475694 -6.64796124009    3.478394135 534.568045002
 1.80528559475 -1.09792696061 -1.33801242027 2.50095520276 -9.93892731657 -8.13227094917  6.22275917732  3.65598380562 -5.71987766025  3.91767257741 534.616044998
 1.93203859097 -1.31353987028 -1.17511053663 2.61515676033 -9.59656528227 -7.87825080247  6.65868917519 4.10821010259 -7.8172106608 6.15900209588 534.645445001
 2.02630730767 -1.51849291205 -1.00665809341 2.72490413521 -9.11421628283 -7.39829858142  7.07370303079  2.17716360994 -5.63227567513  4.59529158852 534.669845
  2.08661721143  -1.71343145395 -0.848844825082 2.83025728009 -8.50257933559 -6.72378215015  7.45255015586  1.13905252494 -5.02641386686  3.88159406242 534.716445002
   2.1122032577  -1.89753477787 -0.713947088161 2.92775703906 -7.77945017324 -5.89877772966  7.78084709718 0.284789976614 -6.37096401886  4.32834379396 534.745254999
  2.10245438149  -2.06772075084 -0.608145634992 3.01091757493 -6.96700098798 -4.97446128015  8.04669785487 -0.771027142645  -4.47142812268   2.55204118651 534.772055001
  2.05684350797   -2.2185833222 -0.530710528049 3.07154209452  -6.0887205985 -4.00330227472  8.24225383955 -1.72215788434 -3.73188590451  1.80861877245 534.817055001
  1.97537462969  -2.34310034222 -0.474685847829 3.1012176311 -5.16664626624  -3.0339701658    8.364835767 -3.45244399385 -3.76547429315   1.7810164636 534.845846
  1.85939477954  -2.43393456684 -0.428852413426 3.09278205089  -4.2193943239 -2.10759601852  8.41729460635 -3.67167739073 -1.98175005623  1.31588550779 534.874246002
  1.71248252011  -2.48499365079 -0.380468442459 3.04179980634 -3.26125705017 -1.25566922642   8.4074406907  -4.25502047845 -0.787603319103   1.47979134282 534.917446002
  1.54107671057  -2.49285516873 -0.318149227597 2.94795916714  -2.30235510641 -0.499495358831   8.34658797377 -5.92481580189 0.451652017288  2.42014792407 534.949055999
  1.35456441338  -2.45770935363 -0.234267312848 2.81603643279 -1.34959850756 0.149118374518  8.24748673937 -5.47075990748  1.58796001827  2.78689782259 534.977856
  1.16468844354  -2.38360352371 -0.126410664845 2.65594513968 -0.408070516154  0.686404396398   8.12208693823 -4.80898031974  2.33490906481  3.07303930106 535.017855996
 0.984321013024  -2.27794470204 0.0023259864824 2.48151674031 0.51757327945 1.11484239859 7.97963359087 -5.29472904998  3.64410633092  4.22808573878 535.054846001
0.825825766929 -2.15038070655 0.144186836343 2.30801109707 1.42202068995  1.4413633233 7.82552484593 -4.49415484766  4.20517835992  4.51296443052 535.081855999
0.699346671963 -2.01129435892 0.288493043118 2.14886458432 2.29872608295 1.67573331933 7.66118045325 -2.7495123823 3.59258700083 3.58634056877 535.118255997
0.611388546302 -1.87019125322 0.423889124189 2.01273278598 3.13988421786 1.82917244186 7.48492438026 -2.00232712442  4.09831299599  3.73024073934 535.159846999
0.563987346859 -1.73424428332 0.540661064414 1.90210392676 3.93687489264 1.91318552722 7.29364682539 -0.965262799959   4.47262801198   3.55145630323 535.185857002
0.554631090719 -1.60720071247 0.632714765657 1.81412175766 4.68102076459 1.93856459079 7.08483943983 0.163749063907  3.10706131894  2.00286680904 535.218647002
0.576923522494 -1.48878644697 0.698887537268 1.74291985623 5.36446909738 1.91454911294 6.85853130489 0.973689273684  3.36944129793  1.60371177442 535.264856999
0.621825387116 -1.37467556981 0.743386914584 1.68197022538 5.98101389279 1.84817728008 6.61869829554 1.88698116493 4.27582244747 1.40965109737 535.287657002
0.679197895874 -1.25703688337 0.775290622444 1.625585143 6.52670728432 1.74390133599 6.37385204673  1.41572261973  3.00067433967 0.768610491487 535.319056996
0.739330362393  -1.1256196042 0.807181584205 1.57008629953 7.00015804348 1.60355306519 6.13669703039 1.56628198502  3.9202537267 1.06030920176 535.370657001
 0.794162993575 -0.969290259827  0.853117317853 1.51592467695 7.40246949014 1.42671981174 5.92293297067 2.02203396924 7.12588352345 2.43955253577 535.392456996
 0.838005610836 -0.777876520871  0.926231736783 1.47147902321 7.73681772418 1.21152821438 5.74943972217 0.905499822491  5.23677945368  2.25657248488 535.419456996
 0.867681434851 -0.544110869195    1.0363307074 1.45702060571 8.00770773014 0.95574652987 5.63218703972 0.591982076113  6.87040264662  3.50756026776 535.473648002
 0.882162147913 -0.265406293413   1.18786417679 1.50322049556  8.21997380399 0.658032781103  5.58424596925 0.305866966463  12.9084995597   7.3771466416 535.494047999
 0.881873661395 0.0548434808286   1.37863029469 1.63747685525  8.37762444625 0.319104199129  5.61423710777 -0.175028212179   8.25631311463   5.05612533052 535.520047999
0.867913100919 0.406740168588  1.59948334689 1.86468702266    8.48267954689 -0.0573952293087    5.72544435407 -0.538069768061   9.56804222084   6.07107317658 535.575458001
0.841410815658 0.774360241236   1.8351749883 2.16228425088   8.53420217095 -0.464494431324   5.91567731151 -1.44449162652  16.3075165066  10.4193057699 535.595247998
0.803199877153  1.13731689564  2.06626823743 2.49160273575   8.52776254459 -0.892030045513   6.17781703955 -1.08902543296  8.69198317849   5.4306849586 535.620258
0.753842278525  1.47328262513  2.27185637614 2.81072433159  8.45555530763 -1.32727727909  6.50086307265 -1.43383134068  8.18659871427  4.80804050472 535.675658
0.693941930427  1.76113570948  2.43264091908 3.08235238596  8.30730217155 -1.75595052339  6.87123733802 -2.87297530271   11.356677148  5.82278777988 535.696457999
0.624587114834  1.98421954907  2.53382360813 3.27833774344  8.07191565454 -2.16339695724  7.27409733444 -2.79020680143  7.09892014508  2.56946514674 535.720648001
0.547735091241  2.13311913219  2.56728089534 3.38247574387  7.73970763062 -2.53579444884  7.69445438461   -2.11473014326    2.98322716807 -0.0160905213911 535.748858
0.466384159092  2.20739476467  2.53261987627 3.39179440247 7.30474979276 -2.8611841326 8.11796285387 -2.25521483497  1.14300022319  -1.8003742423 535.795457998
0.384457533748  2.21587235009  2.43693379745 3.31610376802  6.76688693337 -3.13020993356  8.53132571046  -2.89839013101 -0.580689233409  -4.33564275481 535.821258002
0.306419103401  2.17534594399  2.29333140806 3.1757505554  6.13291176783 -3.33649745372   8.9223408487  -2.0184978426 -1.47585914387 -4.35005768945 535.850649001
0.236721669392  2.10785275171  2.11854874933 2.99788745201  5.41654892865 -3.47667825108  9.27968515322 -1.79138991061 -1.94895002421 -5.11573019733 535.894448996
0.179230416331  2.03697048855  1.93011455429 2.81188806784  4.6371456541 -3.5501405487 9.59259090853 -1.67721125609  -2.0814490186 -6.29106719679 535.921649002
0.136759874051  1.98379838464   1.7436011276 2.64467468439  3.81726957586 -3.55864275854   9.8505993816 -0.952804718927  -1.02513650796  -5.00932127521 535.954048999
0.110819043327  1.96336569354  1.57044531731 2.5166215849  2.97968779213 -3.50594006285  10.0435671752  -0.515607058915 -0.0242926714805   -4.79348399572 535.993448996
0.101595472239  1.98214162443  1.41668551543 2.43848414162  2.14436620357 -3.39753710637  10.1620470895 -0.042277176536   1.16682650813  -4.55191446698 536.022248999
0.108147125673  2.03710913152  1.28276431258 2.40977046545  1.32613398396 -3.24060241385  10.1980725384 0.384264310616  1.90362818148 -3.57385112618 536.056648999
0.128728376033  2.11655681439  1.16433587978 2.41910350839 0.533502013363 -3.04399055778   10.146260253 0.803116368039  2.50413300584  -3.4680814002 536.092859002
0.16116083578 2.20240694703 1.05383626517 2.44686330822 -0.231150227866  -2.81824951039   10.0050359188 1.13128551203 2.38676955752 -3.3719489676 536.122658997
0.203168090289  2.27360863019 0.942458276854 2.46957508082 -0.970122709061  -2.57546744524   9.77771043717  1.33704961152  1.57217561704 -3.38735205761 536.158659998
 0.25261636492  2.30994532984 0.822138000466 2.46486781522 -1.68806146464 -2.32884307645  9.47311493961  1.61707412925 0.339930588041 -3.95129631155 536.191059996
 0.30763108274  2.29556814696 0.687204526084 2.41588908294 -2.38930601945 -2.09193670975  9.10555211759  1.67135871306 -1.29460938861 -4.20427950763 536.223260001
0.366586323866   2.2216659092 0.535448159956 2.31449555561 -3.07552476202  -1.8776531648  8.69393341482  1.85194346828 -3.19563080356  -4.9039726916 536.259250001
0.427988889465  2.08788409979 0.368495338945 2.16292009064 -3.74415808695 -1.69709451303  8.26012227998  1.91509059622  -4.9429487403 -5.32413221399 536.288250001
 0.49030117346  1.90235142812 0.191509227056 1.97383180155 -4.38799816256 -1.55847456939  7.82665911148  1.65036057891 -5.43300216571 -4.74876163431 536.323849999
 0.551765929106    1.6804089498 0.0123382272413 1.76872047281 -4.99598582292 -1.46629367284  7.41417095835  1.82351373737 -6.99029681106 -5.33676691341 536.363249999
 0.610306610846   1.44232000139 -0.159703398629 1.57425103499 -5.55505327952 -1.42093287542  7.03884547694  1.82660268713 -7.67943667569 -5.35135721916 536.389659998
 0.663572284881   1.21035060862 -0.315218363657 1.41585288424 -6.05263652464 -1.41875629422  6.71036374242  1.31467614758  -5.8067620621 -3.80819324309 536.424460002
 0.709170260154   1.00565148102 -0.446079539226 1.30890958988 -6.47935940504 -1.45272909937  6.43064068613  1.24633182262  -5.5809199669 -3.53777768334 536.464860001
 0.745082380375  0.845358468327 -0.546589007954 1.25241296589 -6.83136722278 -1.51348228498   6.1936226761  1.01717643927 -4.42294866826 -2.80388928458 536.489859997
  0.77020084263  0.740274577802 -0.614312885605 1.23231331647 -7.11185558682 -1.59069181038  5.98625079318 0.526260599421 -2.01007360892 -1.37461198691 536.524859997
  0.78486294663  0.693414989247 -0.650497306012 1.23287506968 -7.33147985485 -1.67459106078  5.79053096138  0.321556528343 -0.622032700988 -0.698716714858 536.565450999
  0.79123096114  0.699593017124 -0.660009657473 1.24542746534 -7.50751490454 -1.75740389935  5.58647852759    0.142243606084    0.881069593733 -0.00499411439905 536.590260997
 0.793369114708  0.746102953641 -0.650795954068 1.26871570631 -7.66183623986 -1.83447693253  5.35555120393 0.0756538769761   1.52695933126  0.360468808761 536.625251002
 0.796920132844  0.814420361968 -0.632902402315 1.3034291983  -7.8179852228 -1.90491338332  5.08407932961 0.235837185196  2.14746157836 0.528589377687 536.665460999
 0.808370717607  0.882702980527 -0.617172384766 1.34667350216 -7.99773892792  -1.9715741157  4.76617052926 0.616021799625  1.89955507349 0.317571236114 536.688861001
 0.833998486467  0.928754586479 -0.613787788838 1.39099748636 -8.21770601727 -2.04041118601  4.40561870851  0.922881202744  0.660579781875 -0.179664381822 536.725651001
 0.878685034691  0.933032552853 -0.630861013676 1.42850367639 -8.48649541169 -2.11922005133  4.01647947206   1.81076111992 -0.775970664518 -0.972074520447 536.765050999
 0.944835172008  0.881257423223 -0.673288468833 1.45693016666 -8.80294358505 -2.21601223208  3.62216442665  2.49891995225 -2.72507568386 -1.81639355338 536.786861
  1.03164393221  0.766230662344 -0.742042468345 1.48392238868 -9.15573956401 -2.33729193726  3.25312477148  2.43073545023 -3.74306875074  -2.0555029658 536.826261002
 1.13489680554 0.588583137706 -0.83401029949 1.52643180289 -9.52456814928 -2.48654489332  2.94340661155  3.64483103502 -6.92476960258 -3.38493466945 536.865051999
  1.24738512292  0.356346630665 -0.942400133496 1.60345582343 -9.88263086378 -2.66320594465  2.72653532647  3.85262004804 -8.64976535725 -3.82930947891 536.885452001
  1.35988980752 0.0834368606406  -1.05764196429 1.72478071735 -10.2001460898 -2.86227261829  2.63129805409  2.71687833947 -7.18461994094 -2.85651907287 536.923451997
  1.46256188326 -0.212675257693  -1.16863643971 1.88415210527  -10.448230641 -3.07460002177  2.67802303708  2.99866392492 -9.59845730947 -3.31967361737 536.964651999
  1.54643669212 -0.513683174441  -1.26415886206 2.06238562712 -10.6024770402 -3.28778176291  2.87589267103  2.67284326379 -11.0954691126 -3.11181297593 536.985661997
  1.60478388107 -0.803065201343  -1.33421601718 2.2361523658 -10.6455959184 -3.48742299472  3.22167624593  1.14065791624 -7.22046078655 -1.39366791127 537.017862002
 1.63402781831  -1.0681423886 -1.37117862682 2.38560388581 -10.5686899829 -3.65856503139  3.70004680224  0.434547995801  -7.39232521951 -0.539371774455 537.062452002
 1.63406807002 -1.30123398949 -1.37056428045 2.49836642622 -10.3710265933 -3.78703142308  4.28538973249 -0.39967195388 -6.61905904128  0.60983235157 537.085252001
 1.60796521209 -1.49977119737 -1.33141146206 2.57051011456 -10.058510328 -3.8605239749  4.9447684083 -0.972904161957  -4.85631502183   1.52418981896 537.127661997
 1.56109928645 -1.66546246503 -1.25624852216 2.60556261756 -9.64133913992  -3.8693839102  5.64153767337 -1.86787733264 -5.24366475141  3.12685115423 537.160252999
 1.50001870717 -1.80280784382 -1.15070759699 2.61233616087 -9.13147964409 -3.80702183914  6.33903043466 -1.91522567141  -3.7155565413   3.4423705347 537.185453
 1.43124698008 -1.91737720987  -1.0228557894 2.60212168217 -8.54057517911 -3.67008469623  7.00379784442 -1.93499029864 -2.92837387859  3.71677681225 537.228053002
  1.36029306067   -2.0142657171 -0.882319149078 2.58575920589 -7.87871510747 -3.45845215127   7.6080356968 -2.51238089784 -3.21897818043  5.08122711482 537.257662999
  1.29103101466  -2.09702836613 -0.739272529364 2.57115011655 -7.15420979914 -3.17513924677  8.13102723875  -1.9037863595 -2.16038758318  3.93991059381 537.283862997
   1.2255049915  -2.16722115222 -0.603373489556 2.56179030655 -6.37422639292 -2.82614193053  8.55961870392 -1.71537470095 -1.72285846505  3.46718836277 537.328462996
  1.16411043528  -2.22450266923 -0.482735251793 2.55667724875 -5.54593031719 -2.42022045163  8.88787913457 -2.06740681289  -1.7288413999  3.81240593245 537.357853001
   1.1060295431  -2.26713090399 -0.383054534691 2.55145344119 -4.67769242451 -1.96859065064  9.11616900009  -1.61017048732 -0.959673838532   2.47452189196 537.386253
  1.04977223475  -2.29264910506 -0.307019461118 2.5401816103 -3.77996103214   -1.484492094  9.24986286637 -1.54308198088 -0.43201170223  1.77124978978 537.428862997
 0.993691632394  -2.29858178776 -0.254105779421 2.51703616232  -2.86552914331 -0.982620717126   9.29795653484 -1.90907562005 0.162073499656   1.4514023917 537.459054
 0.936390321398  -2.28302339757 -0.220819219237 2.47745510463  -1.94910478778 -0.478441920719   9.27175020252    -1.65771444 0.760247468346  0.74919233662 537.488253999
  0.87698853645  -2.24506036628 -0.201362639209 2.41866737146  -1.04627391687 0.0125728911298   9.18374138241    -1.63657127   1.3244562798 0.435119190448 537.529453999
 0.815267681954  -2.18500038851 -0.188616048018 2.33975727471 -0.17209348372 0.475725346071  9.04678971353 -2.00075051176  2.24671959792 0.417193833233 537.562263998
 0.751721542635  -2.10439324745 -0.175242132419 2.2414874576 0.66036308108 0.89781825545 8.87354210052 -1.88967449539  2.65076838728 0.501841220621 537.592064002
 0.687544575314  -2.00583494269 -0.154696597925 2.12603443006 1.44118297453 1.26777276155 8.67604880339 -1.70900500759  2.84708922753 0.716329282158 537.629854002
  0.62457157178  -1.89256981177 -0.121947234543 1.99669258243 2.16426631239 1.57708896805 8.46547580054 -1.86522644337  3.62579385777  1.23322751986 537.666464001
  0.565167071937   -1.76794661463 -0.0737845427097 1.85755032506 2.82734121376 1.82012313861 8.25183245782 -1.76359936592  4.03981629159  1.77476701715 537.695464001
   0.512053940307    -1.63482955086 -0.00871710697233 1.71316750089 3.43138319125 1.99417361152 8.04367879044 -1.26443154081  3.55325310907  1.91732623339 537.730263996
 0.46807137469 -1.49509231055 0.073446937582 1.56837058169 3.97961178577 2.09938456496 7.84783502831 -1.11717557207  4.18639684005  2.65211321255 537.772254
0.435862562883 -1.34931727359 0.172157022217 1.42838066314 4.47631467568 2.13848964324   7.669165729 -0.865653673009   5.10718914589   3.64960692248 537.798463999
0.417508547084  -1.1967814128 0.286620463445 1.29951930612 4.92575841285  2.1164247288 7.51053331153 -0.27634999034  3.98990411708  3.10378840982 537.830663996
0.414143940895 -1.03574672062 0.416086855974 1.19055228561 5.33139005529 2.03984071943 7.37300315442 0.114735600183  4.71416145432  3.87040292385 537.877054999
 0.425607848231 -0.864004025358  0.559836089562 1.11402937281 5.69543505282 1.91654506449 7.25633701728 0.667617569038  6.59600773075  5.57035732259 537.901254999
  0.45019529217 -0.679562277996  0.716886172643 1.08554432212 6.01888239861 1.75489876161 7.15974486005 0.746434700043  4.84381267509  4.12263589961 537.931055002
 0.484576191243 -0.481342812939  0.885524335068 1.11832836711 6.30174835147  1.5631973334 7.08279264868 1.01852289403 5.66059840656 4.77809261955 537.980255002
0.523936349698 -0.26973495336   1.0628200783 1.21525831099 6.54344957952 1.34907193944 7.02630176988 1.51933030632 8.48531225175 7.00712517883 538.003455002
 0.562365904086 -0.046894819176   1.24428914957 1.36627596842 6.74310903585 1.11895911496 6.99304019335 0.884743203233    5.763580206  4.59316310068 538.031455002
0.593477161887 0.183282427478   1.4238426794 1.55342703903  6.89966276742 0.877700315432   6.9880108394 0.666905554372  6.31721177559  4.77867098791 538.082054998
0.611183386946 0.415525047562  1.59408783923 1.75707775491  7.01171883509 0.628338653909  7.01819732864 0.342262743713  9.24602922251  6.48709905064 538.104654997
0.610525268316 0.643827120479  1.74696506728 1.95937270845  7.07721659108 0.372172448427  7.09172785059 -0.300447157831   5.89278906036   3.70058158931 538.131864996
0.588406186063  0.86226330649  1.87463264735 2.14568576731  7.09301865348 0.109098528571  7.21654422186 -0.904954579638   5.74933514378    3.0448014437 538.180466002
0.544100696311  1.06583407512  1.97045654109 2.3053734673   7.0546151512 -0.16176610055  7.39878186896 -2.10410202935  7.50964666064  2.99873691351 538.205265997
0.479434740037  1.25118791392  2.02993723485 2.43227754241  6.95611431081 -0.44124909168  7.64114252996 -2.52659608534  6.09907411387  1.40559992769 538.232256002
0.398594021588  1.41707976823  2.05140504436 2.52492671568   6.79063170536 -0.729188431943   7.94155357541  -2.34126864853   4.26804144861 0.0872167353754 538.262855999
0.307585621235  1.56446215625  2.03633894322 2.58627667592  6.55108512072 -1.02354670855  8.29235717481  -2.65260717522   3.99835659862 -0.891021157538 538.305656002
0.213442032662  1.69616507101  1.98921176484 2.62287950444 6.23128177632 -1.3197321454 8.68017972812 -3.22115634444  4.40017819264 -2.08882962354 538.332656002
0.123303277854  1.81619633551  1.91683700765 2.64348953872  5.82708704901 -1.61027119862  9.08652458654 -2.37270320654  3.24825480847 -2.26123204606 538.362865999
0.0435327605868   1.92877259162   1.82728494236 2.65725969224   5.3374215869 -1.88494296686  9.48903048868 -2.04958485688  3.14003735785 -2.67475192307 538.404266001
-0.0209874991975    2.03725497029    1.72853446818 2.67183077623  4.76486187472 -2.13143295754  9.86325456764 -1.82850931247   3.5383381948 -3.30323509656 538.433266001
-0.0672749002614    2.14319587948     1.6271089018 2.69170909802  4.11571034269 -2.33649468651  10.1847755649  -1.0417919022  2.96079022175 -2.86297428219 538.464865999
-0.0943296423562     2.2456945827    1.52698109728 2.71729893675  3.39952872579 -2.48752474121  10.4313733308 -0.516361418427   2.86976810604  -2.87108456336 538.503665994
-0.102903839118   2.34120988427   1.42900406146 2.74479608167 2.62825680281 -2.5743676872 10.5850302285 -0.0109017396386    2.74195849876   -3.01516892329 538.533866001
-0.0950381573837    2.42389722425    1.33102223536 2.76693516298  1.81513252082 -2.59108706598  10.6335226592 0.421501562509  2.08090528778 -2.87056984165 538.568657
-0.073486825334   2.48643833649   1.22866413366 2.77441732045  0.97366272275 -2.53739066785  10.5714247375 0.821331513304   1.4837471155  -3.2678849769 538.603656996
-0.041158808231   2.52123103842    1.1166489734 2.75775360147  0.11685676426 -2.41940611262   10.400422655   1.0737121639 0.520379262971 -3.51506165447 538.634257002
-0.000678400641334       2.5217252557     0.990307793512 2.70920804874 -0.743160304754  -2.24958060462   10.1289250466   1.25392758351 -0.541417431053  -3.88538157578 538.671466999
0.045876297198  2.48365125805 0.846964663453 2.62449563676 -1.59516237562 -2.04562126501  9.77103886214  1.54140386356 -1.82684328078 -4.78619054699 538.703666996
0.0970466066603   2.40590338891   0.68686330553 2.50391101302 -2.42858569844 -1.82857258194  9.34505090743  1.52778176317 -2.77713678426 -4.80574442828 538.734867001
0.151904356225  2.29091795675 0.513445985464 2.35265951595 -3.23323166162 -1.62030318527  8.87160406019  1.67855713725 -3.88994910084 -5.26645997198 538.773066999
0.209845643722  2.14449881527  0.33295720345 2.18031439527  -3.9991080226 -1.44080148684  8.37177886307  1.90372473398 -5.07640270584 -5.78681835637 538.802066999
0.270316028868  1.97516572394 0.153505901358 1.99947854558 -4.71655734378 -1.30572681254  7.86528427518  1.66666986688  -4.7731057898 -4.74347207297 538.835266996
 0.332514213866   1.79319345239 -0.016167088213 1.82383382875 -5.37672976091 -1.22461867238  7.36892907414  1.87987538368 -5.50703447758  -4.8415763595 538.875668
 0.395122845793   1.60954816768 -0.167931221321 1.66582359884 -5.97234997062 -1.20004396712  6.89549548487  2.05330496093 -5.95164724017 -4.63630382942 538.901658001
 0.456123174081     1.434904284 -0.295272582281 1.53433521501 -6.49863246133 -1.22779041834  6.45307961665  1.58093422466 -4.44424946699 -3.03704934202 538.935868001
  0.51276015759    1.2788515757 -0.393918055446 1.43302329579 -6.95413748582 -1.29803319721  6.04491025419  1.63978291921 -4.43475593689 -2.58979539694 538.976067999
 0.561725186571   1.14930602196 -0.462055393989 1.36012304754 -7.34134774144 -1.39724768001  5.66961775099  1.44280655187  -3.7680496104 -1.76639454167 539.000267996
  0.59960268747   1.05205266045 -0.500237347221 1.31018150908 -7.66678552609 -1.51054098065  5.32190347872  0.820434683512  -2.10903101156 -0.650821028607 539.036258001
 0.623577759559   0.99030616835 -0.511120793079 1.27702779704  -7.9405734139 -1.62403929858  4.99355650104  0.526053501233  -1.41228455068 0.0168226779796 539.075657999
 0.632328475023  0.964194440584 -0.499190808449 1.25646396002 -8.17544912012  -1.7269921314  4.67476942909 0.0550003924784 -0.329259443219  0.662655093883 539.098468
 0.626944333742  0.970152196876 -0.470559672861 1.24726937284 -8.38535234435 -1.81332130638  4.35570561739 -0.270001877186  0.471782036424  0.866236174555 539.136868002
 0.611646061499   1.00033341588 -0.432836252108 1.24985001845 -8.58378363672 -1.88243158318   4.0282505406 -0.551871903573   1.21025179291   1.26850985294 539.175068999
 0.594057736867   1.04227230767 -0.394967906193 1.26302644667 -8.78217523036 -1.93919291689  3.68783407103 -0.431357694163   1.26644424648   1.06021867416 539.196458998
 0.584819925446   1.07909358666 -0.366901250173 1.28104404349 -8.98850520522 -1.99309377789  3.33514299631 0.0307546060699  0.623766246934  0.465796587819 539.237259001
0.596438143407  1.09055181581 -0.35891524983 1.29377814112 -9.20633554495  -2.0566504982  2.97747375919   0.95612271129 -0.406198730164 -0.230666476556 539.273858999
0.641422390181  1.05504662174 -0.38055670564 1.29204081316 -9.43437732719 -2.14324362883   2.6294325412  2.09281721105 -2.16336289659 -1.25897997935 539.296459002
 0.729959887859  0.952529256403 -0.439238176354 1.27792159296 -9.66660179729 -2.26463916803    2.312702312  2.88365443809 -3.66165384834 -2.01695345691 539.337659002
 0.867529726947  0.767936353303 -0.538706020794 1.27770820092 -9.89284110812  -2.4285305009  2.05468285907  5.70580916643 -8.09031630617 -4.21244380714 539.374868999
  1.05296573384  0.494536465809 -0.677704612207 1.34632339877 -10.0997669245 -2.63648483929  1.88596925536  6.80951754451   -10.48999129 -5.15782756932 539.394269001
  1.27746266235  0.136438909658 -0.849207224726 1.54002575962  -10.272101275 -2.88266933365  1.83684320145  5.81180380483 -9.66723092768 -4.46825331304 539.435068996
  1.52488419974 -0.290442680436  -1.04052677888 1.86877627093 -10.3938992822 -3.15364655447  1.93316858773  8.24095564956 -14.8841497726 -6.40062859835 539.475469
  1.77348582383 -0.759438139091  -1.23446109186 2.29039132939 -10.4497440043 -3.42936514258  2.19225829194  7.47598259478 -14.9180012502 -5.84973637283 539.495259001
 1.99886150765 -1.23624398246 -1.41140007384 2.74149533638 -10.4257090214  -3.6852536389  2.61936898181  5.14110839032 -11.7575905939  -4.0404388594 539.538869002
 2.17763348687 -1.68371407353 -1.55208402425 3.16005466771 -10.3099796266 -3.89510230687   3.2054545499  5.09387112944 -14.4838520568 -3.99223931625 539.573869999
 2.29120385088 -2.06748669386 -1.64051866887 3.49505619675 -10.0930873721 -4.03424897054  3.92665886379  2.31223419639 -10.3631002912 -1.74939816949 539.596259999
 2.32883048838 -2.36135723479 -1.66647717616 3.71168500988  -9.7678101316 -4.08252181609  4.74577324338 -0.0240894196336   -6.44981576614   0.179205867866 539.639260002
