 0.543714654601809   1.12052674433424 -0.421814432028002 1.31496510427622  -4.69028623103345 -0.490096258206583   8.96192757700216 526.746030998474
0.625105960855684  1.15846081090661 -0.33904336021867 1.35931575169719  -4.76536360717722 -0.575211088691482   7.96569833331631 526.779831001526
0.410830527688652 0.449604885142428 -1.04173535900591 1.20670577749012  -5.35913134696129 -0.249001560686323   7.55873538748483 526.817432001526
 0.32556934870049 0.284038772053581 -1.13113060813478 1.21083850182521 -5.74590962913228  -0.6922137392466   7.7109330759192 526.845822000916
   0.64547131450781 -0.0392228559315805  -0.986748359475157 1.17976437274855  -5.43927858305619 -0.497072930933805   7.99844490749687 526.880222002441
  0.50671834871053 -0.695485758080571 -0.961837185611714 1.29057920959478 -5.69976057578803 -0.88427236188553  8.34057264256602 526.917621998627
 0.619108784088795  -0.35113846672052 -0.968068311702571 1.20156155292578 -6.24370362645987 -1.38426199704082  8.58677621705468 526.945631996948
   0.6746680691622  0.361054031322841 -0.491728489995603 0.909578982252164  -6.53423153002573 -0.519496263555213   9.11730482362071 526.979222000916
 0.598437503612964  -1.25259845951588 -0.649789802942879 1.53276127773395   -4.8855149571337 -0.981611357027413   8.25417471795648 527.017232000526
 0.527178655817709  -1.38287124967519 -0.771184876928855 1.66882483884072  -6.62886574050292 -0.462129040882583   8.10178310811992 527.045431997474
  0.64015751056223 -0.517685101780049 -0.511331138135596 0.969153773021235  -6.47726586673165 -0.519174891583455   8.30419763702805 527.076831999
 0.657411958535012  -1.06994534068417 -0.326011048961319 1.29740383817895 -4.73009861266475 0.419316943596348  8.75079472757917 527.115232998237
 0.643714578449357  -1.98785359024048 -0.699662915001601 2.20351050584488 -4.20692808119981 0.246021488545789  8.76345159987346 527.144032997474
 0.447417038609118  -2.36690995335153 -0.843787755097841 2.5523366763351  -5.0141325051219 0.369977644786149  8.78564388698623 527.181632995948
 0.45958351567981 -1.28343952942013 -0.57160190013928 1.47822960523919 -4.57187114842442 0.622080323895287  8.57116614064535 527.214022997627
 0.409832008804071  -1.10873594784156 -0.398431742267009 1.24739950726398  -3.6147049949573 0.824069061916482  8.84211926946093 527.243233000526
 0.442959470718523  -1.63239403811163 -0.295704560381881 1.71708024721975 -2.73274092867891 0.890605880528169  9.15073607536512 527.282023001441
0.510211518520678 -2.20192795613497 -0.28419228316348 2.27806228436572 -2.20155718758074 0.976155082410539  9.29196778577642 527.317223001678
 0.489142560360117  -2.18065035734518 -0.265189981560532 2.25051597454126 -2.02808699845939  1.24337322468986   9.3267469865825 527.345823000153
  0.450605547242636   -2.10512830272817 -0.0511458822848813 2.15342202817462 -1.27915160581125 0.958016581866917  8.89647189271297 527.382432996948
0.203098747972929 -2.30236438347598 0.058093931619668 2.31203498256793 -0.0403932294427207     1.3510570000633    8.96464135804618 527.418624001678
   0.104200274705665    -1.97701202198265 -0.00678668867106967 1.97976773674484 0.527522527338345  1.47537331602086  9.46068478248319 527.448623997864
 0.073292498026383  -1.91124519779888 0.0770232957840049 1.91420024670087 0.896145297194514  1.28366391344761  8.93057883957869 527.482824002441
-0.0934238038703671   -1.52534426815832   0.303500517876805 1.55804868598017   1.6029715125144 0.965386622019484  8.29337993703445 527.522233999763
-0.309414772927286    -1.418531100334  0.464781636154349 1.52446382496494  2.22713831817726 0.884950618777361  9.04541800378459 527.551834002052
-0.293119912135601  -1.44652878339177  0.541297519596992 1.57205846226949  2.46540707075519 0.851931868632663  9.18936941910805 527.583224001441
-0.231740104112796  -1.10487643359768  0.665451205852836 1.31045057775741  3.05083268741553 0.265570219695525  8.68805620337265 527.625434
-0.393472246238438  -1.27929438697185  0.396095393846995 1.39581735844071  3.68536007898392 0.261920244727196  9.55552167395634 527.654624002441
0.0112386877625401  -1.07950660175759  0.666346640409788 1.26865229930279  3.80073580777808 0.280854992313053  9.23770156089175 527.683834001526
0.0374995787211961 -0.727919244916092  0.588632703075456 0.936889056747595  4.59220198263811 0.280407609997175  8.97910245094197 527.729633997474
 0.143178157338335 -0.945977876550518  0.568706967400059 1.1130147089914    4.6884575853141 -0.142460820296106   8.90240204418006 527.756834002052
 0.263882248886759 -0.978762249230803   0.63351223157106 1.19538576591284  4.92135559149021 -0.15020732012102  8.62321273206651 527.784233995948
0.267004669676232 -0.35950424714498 0.398060074661976 0.599154921855851   5.21109068582377 -0.334718518617866   8.04945977129982 527.83382499939
0.0964746695740964 0.0283174043866555  0.370548824506727 0.38394748157   4.93784110834034 -0.483118799205756   8.07390266813953 527.858634996948
-0.0192716676802421   0.276869768777053   0.360646907437969 0.455076320942331   5.30677052163058 -0.282644939501534   8.25820110426226 527.884625002442
0.434614066986992 0.281111690092783  1.03279927451114 1.15524348557373   5.49927649934627 -0.184717088643321   8.66318975336062 527.932634998237
0.440663241487123 0.585832385550713  1.28699103658775 1.48112443927415   5.20838965072136 -0.625148183750088   8.58303311964767 527.959034995948
0.342376587600308  1.06554583077534  1.63237489561543 1.97920626642476   4.8397656577854 -1.07524976901698  8.38041187990516 527.985034995948
0.223762996496313  2.03888720529296  1.92143477045401 2.81052352625236  5.60077556237609 -1.06477331606061   8.4735595541118 528.025434999763
0.24432455246543 2.00850371034381 1.82136541364588 2.72234340439036  6.02035679526394 -0.83753025559593  9.30432138076874 528.058834997474
0.268426983452819  2.14404448695699  1.75737015176832 2.78519831570796 5.44942165394031 -1.1455498425654 9.12776865848851 528.085434995948
-0.121487226617857   2.73429183096065    1.4701003278168 3.10681604491423  4.74587189502597 -1.35624649152827  9.38062251973937 528.119635
-0.397883816002034   3.24864223206131   1.25480755336392 3.5052146694529  3.78625965755751 -1.58588723546827  9.76355961950932 528.157234998474
-0.463881499166838   3.06871349591989   1.17309177987735 3.31788078286818  3.38181324975877 -1.25009891332358  9.84503375520477 528.186035001526
-0.275810600194216   2.36647553215387    1.0032531031935 2.58511019504582   2.4834171987406 -1.22740355903544  9.54936248737573 528.220636001526
-0.0669246541495609    2.08643282408539   0.731115711106478 2.21183431155697   1.0463666436089 -1.52869542426548  9.41676316290146 528.255835998474
-0.072283904455063   1.77824180468878  0.597643376745723 1.87737755514284 0.497856323015257 -1.64662091657263   9.3057234812515 528.286636001526
-0.0460052408580192    1.54552397474845   0.266831337988136 1.56906335169782 0.0172659933676317  -1.36285494320697   9.53593332903041 528.323625999916
0.0389359673037804   1.51763184558394 0.0791043547459556 1.52019075356356 -0.946925611326402   -1.7679385616368   9.27020411332195 528.35622599839
-0.00603555756199787     1.75940482655824   0.0602846096462015 1.76044767199474 -1.29644415618221 -1.62081801940539  9.05844936367473 528.387026001441
-0.0673019428635828    1.88739301400975  -0.138683089503573 1.89367762308168 -1.83454100233786 -1.64783315740006  8.53512061183327 528.423835998474
-0.0615638695912789    1.88425669812922  -0.282940005023038 1.90637573970252 -2.61952500902888 -1.57762722203118   8.6388222288384 528.455435996948
0.0135895870625973   1.59903977965925 -0.360525179338254 1.63923497362218 -2.85678222472093 -1.75993100228122  8.31798322163294 528.487636001526
0.0296447892218542   1.36285647194817 -0.624272532881557 1.49932410504512  -3.3974968732412 -1.81069836801052  7.96169741672836 528.525026998627
-0.00306093648613906     1.38011050452417   -0.792791654410513 1.59161332657562 -3.91446173307722 -2.01727393839193  7.81924694169589 528.554837
0.0442137476703679   1.25601573537393  -0.75579227625147 1.46654435590313 -4.65343350070115 -2.33693640861489  7.44943450839489 528.588237001526
0.0492605454022048   1.33600976757453 -0.832604131346127 1.57498518720733 -4.64601515488719 -2.35106144387302    7.498879482809 528.625436999
 0.185994267525295   1.24332163724579 -0.855635011903509 1.52070833324176 -5.43719085852502 -2.65090607127344  7.11183786889538 528.653226999916
 0.126876898153398   1.54787037267571 -0.702606523412043 1.70459859340357 -5.45291526950742 -2.54202058097607  6.52981307849199 528.688627001441
 0.159932636899977   1.53907675370236 -0.886665818015851 1.78339899488883 -5.56559061952154 -2.57111080065297  6.39806243153392 528.723837
  0.31848429889633   1.46951707977533 -0.909937929084199 1.75752659472935 -6.35601200181148 -2.84740661045473  6.12214851913257 528.749837
 0.440881694891499   1.52773821002286 -0.831879147651913 1.79454273383286 -6.48214459804753 -2.98272751813768  5.67137488043672 528.789036996948
 0.735810577674271   1.30083660602676 -0.923127279257563 1.75663230515268 -7.05724707760334 -3.23444042237601   4.8064066535258 528.822837997474
0.539633690480089  1.43034541722644  -1.0158993974831 1.83552284602736 -7.82801754057657 -3.92867410923956  4.11725715070281 528.846837997474
 0.512791289998124  0.906776201647222 -0.849899324335784 1.34444295099425 -8.15601734257963 -3.75253019027181  4.58962306453224 528.888428001441
 0.598606445389726  0.454521819944004 -0.955134270259667 1.21540167660399 -8.55920422079531 -4.14569595089156  4.86850857201604 528.922027998627
 0.836628996247957 0.0632460235358386  -1.03715919201808 1.33403422986202 -8.56922071215998 -4.35310327613421  5.50661448364619 528.945428000153
 0.997277453896391 -0.116304217636075 -0.904685033801041 1.35149694837746 -9.41525733447478 -5.09450195573955  4.74841764270146 528.983628000916
 0.976142563223528  -0.14772426973615 -0.633332400343488 1.17293933898157 -9.04175846203493 -4.92369377948124  5.81759792782647 529.021637998619
  1.19319330125839  -0.37998169616038 -0.798854932443075 1.48535031109615  -8.3710131453697 -4.97818740607966  6.47670617871455 529.045837997474
  1.8696350780987 -1.20318463491827 -0.66677273106805 2.32115800105389 -9.18847474993152 -5.09362263196883  6.73290379013086 529.090437995948
  1.64355877939823 -0.316498100845445 -0.543349303591906 1.7597400304845  -8.221401671236 -4.7466118594287 6.50481157666203 529.121238000381
  1.72121882612791 -0.590689682472733 -0.533123802856418 1.89624089650259 -7.64538945015372 -4.29717922428974  7.38661464787262 529.147038001526
  2.11040291015042  -1.20472077111515 -0.465710558031078 2.47427542997728 -7.58900686067915 -4.18912322389838  7.55260883166479 529.191038001526
   1.6739601136609 -0.721011987208011 -0.546679155454211 1.90285544559575 -7.36639646173975 -3.73737601504364  6.12456513796778 529.220638998618
  1.40122924798975 -0.467129647699024 -0.381111702497511 1.52541785847743   -7.796287244182 -2.85442476411808  7.00884326200588 529.247838997474
  1.25610411167145 -0.605935633182526  0.265396624803543 1.4196446384132 -7.45531160648914  -2.5551243383287  6.93830031955771 529.291238999
 1.11993561305269 -1.11422195452784  0.22171948357067 1.59527611112634 -6.39956906107637 -1.94511070393039  7.01986498297394 529.322638999763
 1.05873341148651  -1.5386410616012 0.118342375421597 1.87145335791826  -6.0979243439237 -1.18418135972451  7.62093653942886 529.349839000526
 1.47718063601091 -1.81841572339576 0.163334205855225 2.34848385928047   -6.0171494874605 -0.808794250178859   8.15924141544405 529.391839000526
 1.54124439955353 -1.21877246362254 0.122566351934617 1.96872119099334 -5.46377755411029 -0.92416103190832  7.57262538075717 529.421229999534
 0.900399745861648 -0.784730637441663 0.0475335872763007 1.19531640899248 -5.00339772916495 -1.13525955507987  7.38198939244602 529.449639997474
0.599336963827943 -1.69594383626759  0.25056615825767 1.81609848071313 -5.19341454980204  1.10346155244414  8.19566194588492 529.492239995948
0.868278224240597 -1.85633308170285 0.481967596130593 2.10527251172733  -3.9356248226119 0.581757060922747  8.20055368867851 529.522639999763
0.837688371319592 -1.63450148309998 0.411702605192354 1.88223695129552 -3.17828715183904  1.02536343136842   8.5052435841076 529.551029999153
 1.11123607868482 -1.67009200816433 0.752527062479941 2.14251019089056 -3.64443341315244 0.680697167321985   7.5045222819886 529.592630001442
0.327537342872447 -2.15257555534285 0.740896270799819 2.2999542422667 -1.24831253090502   1.6775993798553  8.72163319883387 529.626240001526
0.314626662961003 -2.29696854399315 0.407048104377113 2.35387820169545 -0.482854401597582   1.67452076597394    9.0958885057806 529.654430000153
0.254212230031067 -1.46344375474101 0.190932111154505 1.49758023232739 -0.425249717153396   2.02335800574914   9.33606818551761 529.69322999939
0.319351197391001 -1.06603873975551 0.367786814763451 1.17204561474732 0.454560568237804  1.54516721166497  8.85335887025191 529.729239999237
 0.193167876860096 -0.830170048850657  0.302339974705395 0.90438133492692 1.27201894827176  1.7366825470514  9.6338901092829 529.757039998474
-0.0319219300772067   -1.10543597263425  0.0770375439689276 1.10857678236307 1.35031768489555 1.95113661776398 9.55656772105908 529.793639996948
0.285704264148298 -1.25812893799969 0.246978916858001 1.31358819138918 1.54834348546622 1.99145280324582 9.15185646905189 529.831631000916
0.308832031687793 -1.11344828964037  0.37654742646084 1.21529102764472 2.09622154991468 1.42757212420754 8.76792466958454 529.859830997864
0.0171773105063044  -1.35384999843383  0.179959009973988 1.36586607085993  2.7333279103711 2.22049500967993 9.09111612588513 529.894031002441
0.227816779607951  -1.3274149889978 0.278199615380977 1.37525490876604  3.2584627022471 1.65972523567084 9.56078129664337 529.936040998237
0.277005749855786  -1.0546733681778 0.316735978247622 1.13551300252932 3.15410284649598  1.2850182484971 8.84992122962148 529.96263099839
0.0587594869562293 -0.943975355283654  0.460484058752298 1.05194473098887 3.50129854625951 1.56258390640943 8.78114014975214 529.994440995948
0.142828523063887 -1.00308866506032 0.568348836458873 1.16172598183791 3.89475285271529 1.24910313086872 9.00543763728157 530.03903099939
  0.22908878053423 -0.946332537923893  0.629557117794339 1.15946932096785 4.17655615273423 1.19573268295245 8.89506490602179 530.064840996948
 0.167995867768807 -0.887247349530405  0.711484862370719 1.14962653945479  4.45744261632522 0.974496755440968  8.48686508906691 530.095041001526
 0.354048048486233 -0.755670208061192   0.51475511578234 0.980489833303867  5.82782216731938 0.761705713691993   9.3435621953772 530.142642000526
 0.412269842123404 -0.670620707147143  0.484796661048115 0.924514120034081  5.11122677034153 0.814912130270248  9.00493346622281 530.167042002052
0.585222434666846 -0.43301767913819 0.621301228290194 0.957081409681809  5.03790355359091 0.780468815640772  8.65851148488333 530.195432001441
 0.740592628303448 -0.347494508732151  0.809576620624226 1.1509318743339  5.63387069563635 0.952442825023173  8.74446456311022 530.243642
0.832101877248377 -0.12621879853746 0.797111914896456 1.15918597476609  5.69874836287168 0.900755362734223  8.58441889552539 530.266432000916
  0.982856632892134 -0.0262236644845638   0.815990558788086 1.27770710001563 5.81008290962326 1.18581772428165 8.37486537910156 530.295832002441
0.959298177246266 0.158848553527166 0.780804639731969 1.24705322310343  5.9058038244797 1.37886387990421 7.57015442753027 530.345832000916
0.973605800990901 0.123911140205481 0.771879954123212 1.24862359819419 5.70117503010986 1.42339456495674 7.53124366445642 530.368631996338
0.940027264815635 0.267023110950091 0.952290545182919 1.36448154359926 5.46980514480706 1.71081594161916 7.24958555088106 530.396241996948
0.492964176702252  1.54289119804554  1.51917060410171 2.22067698076169 6.23936410980421 1.96344446400546 6.87165870770551 530.444442999
0.24617689480941 1.99688430076991 1.75372359805273 2.66902537128562 6.39525893549175 1.71706230649064 7.23901323412111 530.468243002052
0.222198397317454  1.96207094622908  2.08599076777112 2.87236000686423 6.68769594938456  1.9835099040176 7.53112118828859 530.496633001441
0.150056616986766  1.84908695269231  2.17853580449131 2.86140835924708 6.87861768099513 2.20664104874743  7.2239784547644 530.535833001678
-0.211885761512769   2.00247395465047   1.88489770117212 2.75819449257468 6.95339933516942 2.04481168152205 7.32660197151693 530.567033002441
-0.30477801077649  2.07181361688779  1.44879634547549 2.54643125759123 6.82641359834655 2.24804885835499 8.17883585150259 530.597243001526
-0.113866439824256   1.65922653155357  0.745420484103584 1.82253942268768 6.03159665154326 1.88349232369436 8.21957341073732 530.632242998237
-0.140519716161376   1.43112184717832  0.454867141484549 1.50823063505006  4.6815232877291 1.25694462178959 8.48374084865755 530.66583299839
-0.271542369643616   1.49829785342366  0.507533660994709 1.60506141101464   4.0946380237533 0.775823483572354  8.62165457173798 530.697843000526
-0.39905162930372  1.49625974895051 0.382279200282442 1.5950463398121 4.10105156643941 0.70522693691581 9.07494692932685 530.732642997474
-0.346243393460456    1.5174107538621  0.225579811888257 1.57267483447244  3.70543830266321 0.526156716213734  9.18943396717501 530.765443000526
-0.411485758213628   1.62238667982318   0.11512758179223 1.67771077011792   3.0525722691655 0.280035672401601   9.1533819569883 530.798242995948
 -0.431790368511618    1.75698266674622 -0.0588452278398647 1.81021926142265  2.42165469341924 0.331326011152745  9.15068140816119 530.833434001678
-0.491835804636312   1.74112400792413 -0.328696201273753 1.83887369398331    1.72638020505697 -0.0817739837221744     8.8945823046189 530.865033996338
-0.456056526474074   1.43597213810511 -0.451021073593808 1.57271216234232 0.986676884310273 -0.18185355225643  9.20768044708438 530.898844001526
-0.535341129558448   1.57552180474677 -0.611836805868083 1.77290816435717   0.58867431478353 -0.278179495034974    8.7305497520515 530.935244000763
-0.535586460511367   1.29608612330928 -0.931991836539464 1.68383516981151  0.252657602063319 -0.296201077121474   8.47683679602397 530.965834000916
-0.589775816100631  0.838354283805325  -1.18921033188564 1.56999829041164 -0.484784013124283 -0.742578852855222   8.38007334840405 530.999444001526
-0.799685709939775  0.975008244916185  -1.04300443289649 1.63645854190631 -1.62272552358167 -1.29985669622635  8.13041932466156 531.035643999
 -1.0109629869757  1.04310744140207 -0.91535761558212 1.7169737504538 -1.40746692731456 -1.46564496404482  8.14307656192005 531.066233995338
-0.841816757096056  0.540761105081713    -1.109663641171 1.49413233076384 -1.41524875443479 -1.74044021774311  8.17139128657641 531.099843995948
-0.820514985694541  0.588865381146448  -1.06847264119214 1.47025204092297 -2.26026249349416 -2.56256520339314  8.11585832446694 531.135635000153
-0.866180868116722  0.853974651701841 -0.742746530539812 1.4252067957562 -2.85287599979368 -2.86945852025268  8.07819576725059 531.16643499939
-0.833650792539762  0.847122060044649 -0.760020850949531 1.41075197054426 -1.60764221222826 -2.81313812521976    7.671814158007 531.200235002441
-0.782316365902262  0.843949325163189 -0.958025386091018 1.49735834061081 -2.33518122275807 -3.45597239122016  7.67277183607455 531.235044997474
-0.717200870575481   1.04434728133425 -0.982183607754681 1.60303554923978 -2.47367347289066 -4.02181152959316  7.72866571042906 531.266044997474
-0.619478653268596   1.07105430799426  -1.17698754595769 1.70769166299658 -2.63189088796284 -4.20521163974798  6.94774239916097 531.300845000526
-0.636387352834501  0.885875545306896  -1.20987727311406 1.62897739720918 -3.12648674873583 -5.35191571888755  6.86891574795708 531.334635000153
-0.55479790064819 0.975642863523416 -1.17324234512901 1.62363090267204 -4.16605100924592 -5.99211130038041  6.99765437659482 531.365835000916
-0.583602286432753   1.06878037350615   -1.0909676225391 1.63495977594255 -3.20752139831973 -5.91997609202958   6.5371621309799 531.401244996948
-0.59896718777057   0.7489272687776 -1.40667854460235 1.70246828862949 -3.56991009532416 -6.48580663211602  6.32804884856101 531.432635999534
-0.534356859829012  0.903352361603552  -1.01832894454798 1.46238728870475 -4.74473235756824 -6.99500856214036  6.93055004558169 531.462635997627
-0.417406690155625   1.20590612554369 -0.874288347579827 1.54687363521534 -3.11230358497639 -6.92548160513814  6.32105241444396 531.501846000526
-0.390143272866124   1.04916522408459  -1.32885448868078 1.73747336465288 -3.57546755262442 -7.07570629658149   5.8165229951801 531.531035998771
-0.298270910350355  0.954478568276421  -1.37106389542657 1.69700061243433 -3.96841937477629 -7.16149634210839   6.0409812542611 531.558245999763
0.131494326844344 0.605833900550333 -1.70864595501832 1.81763485679846 -5.20066659862018 -9.39259759235734  6.63159702078447 531.602245995948
  0.1567254356997 0.994058726386967  -1.2911285827258 1.63698766972536 -6.42376633513492 -9.78338513945256  6.98109054981786 531.629235999916
 0.326079472909759   1.01542083055944 -0.974321658506474 1.444544904121 -5.61413601035019 -9.94572789134601  7.53585721585777 531.654235999915
 1.39750486084492  0.24125973484247 -1.22539617791705 1.87425235456572 -5.05899256127229 -9.44150561711269  8.68265209160782 531.702636001441
 1.73279643881621 0.234780527091071 -1.06922661639983 2.04962214846863 -5.80552388108006 -10.2937055617173  6.65675334764926 531.729446000381
  1.30639330773058  0.759831957273511 -0.816810544883595 1.71790207637408 -5.59030301608081 -9.65101472871604  6.91298498138884 531.754046000763
   1.53209835927008 -0.0245352825611652  -0.274468845823729 1.55668253343328 -4.96204790061666 -8.01779865936943  8.40274454726439 531.803045996948
  1.90771138353717 -0.387144766390337 -0.182390311865039 1.95512404181498 -4.29709313699132 -7.26058500120215  8.30040425049776 531.831236999771
  2.05910441275668 -0.482566323983307 -0.034356151446239 2.1151741263591 -4.13797861305671  -7.0372699673481  8.03444113380453 531.857237001679
   1.8583088557693 -0.457786332375122 -0.125636485520672 1.91798452966495 -4.11540041843664 -5.77679563461837  8.23844029830823 531.903437002441
   1.79051668803222  -0.814483957060448 -0.0371817988785555 1.96741368618767 -3.70685694509724 -5.29563438724315  8.62087337757467 531.932046998618
  1.93969254555015 -0.993651392280672  -0.12459686022842 2.18295090146868 -3.85578604791333 -4.97085823866557  9.06558656913222 531.959246997474
   1.71366618039991  -0.566945008546166 -0.0206752792360916 1.80513320498331 -3.82847066755721 -4.07313713203283  8.98042078894756 532.003837001441
  1.71402603146274 -0.548273813555619  0.290021638517326 1.82280058206349 -3.42588610935106 -3.50829952286663  9.65738714458223 532.032237000534
   1.8290542758993 -0.315664489255238  0.421931572458446 1.9034468381858 -3.11567574983246 -2.74485757768793  10.0869691539546 532.060236998627
   1.63378234648495 -0.0267879778600149   0.470828541987728 1.70048283360756 -3.09190401739299 -2.54145226782551  8.69933479498248 532.104246996948
  1.55578741426359 -0.231813406254226  0.558397139713825 1.66913729193879 -2.93959149776997 -1.50721034169328   9.4780717486615 532.133638000534
  1.71868770739235 -0.198825761652359  0.725969822679436 1.87628657258944  -2.63500489837862 -0.875607837440111   9.66045222191018 532.161438001679
  1.67478107274194 -0.158819778853332  0.966151401786432 1.93999069455077  -1.98052373142747 -0.425100766303931   8.97063727029354 532.204638002441
  1.53695137359193 -0.281641517735211  0.893683875761921 1.80005898211563 -1.72393068516855 0.422393128385376  9.16388620901155 532.236447999381
  1.48145033838399 -0.194525122272135  0.779696098035556 1.68536676530211 -1.59991147144874 0.710872548837112  9.03877600410775 532.263248000526
   1.24275247509914 -0.0962754871518572   0.742263276331656 1.45074375931174 -1.60532031094483  1.33293125997099  8.75061284829529 532.305248000526
  1.17602994394732 -0.153883562499775  0.735964759980591 1.39584050227869 -1.44953584744644  2.08040338495431  8.75933722440132 532.338047997474
   1.14044102402464 -0.0669815067779956   0.734830660346641 1.35833293080677 -1.15322137530437  2.27040853041485  8.55520311353089 532.364447999
  1.19962860482918 -0.424239428951886  0.596450317963676 1.40529031320963 -0.970953352619507   2.80050500119385   8.51052686566235 532.405647995948
    1.089925626091 -0.485845108565586  0.529328424710013 1.30543935942385 -0.967465104178738   2.91555455672336   8.11293760380854 532.440438999153
  1.15193894371744 -0.684703695259598  0.505979143204941 1.43240963893483 -0.835198077074725   3.40535962365575   8.26196747763294 532.466048999763
  1.01636669294115 -0.692356472743835  0.479440330542908 1.31993248706951 -0.755340377418282   3.89335413501624   7.46201654562173 532.506249000526
0.846847862154531 -1.23072522041644 0.255323319561887 1.51559422911177 0.195366337290443  4.05870634395563  6.93204038379874 532.543849000526
0.781112279640919 -1.58962471904503 0.129871930894033 1.77592507140335 0.276344255219929  4.34654565967749  7.68527140903711 532.569038999153
0.975316511191905 -1.97010442423327 0.296566205890691 2.21822119137463 0.123063492035905   4.6599562386222  7.12175141665381 532.606639001441
0.504848598299224 -1.51371079734434 0.575888966139351 1.69641993224631 1.02073480993038 5.04358073230104 6.09382941239772 532.649249001526
 0.32135500771104 -1.54444089364822 0.690348212811259 1.72196032761663 1.88170174676311 5.22918195224086 6.22962385241185 532.673639000916
0.0331620368436157  -1.59857391538458  0.758464518202808 1.7696911337881 2.70956610261017 5.15219704449202 5.94981848700648 532.707039002442
-0.413389722935876  -1.09593764045925   0.92556657580832 1.49286431434941 3.02909278968344  5.3776788510748 5.96879796399523 532.753039000916
-0.40008292823739 -1.34624236942001 0.954756518601725 1.69823286874948 4.10420928888677  4.9022187355161 6.46637027405567 532.776848998474
-0.314617676494076  -1.28834675700782  0.935359249665822 1.62287355471414 4.77571636507791 4.84399931351573 6.69130662331577 532.807448996948
-0.392036666333237 -0.808778009346029  0.861663323453847 1.24510172240541 5.08623626565216 4.40142738844328 6.43420710022303 532.856449998237
-0.342569408199351 -0.871465484036192  0.811598380360601 1.23915205697462 5.19610914259102 3.92903478291132 6.45484642344586 532.879450002052
-0.257131113636545  -1.13682238926747   0.91573717957761 1.48224698900033 5.09921343446587 3.80550553365974 6.66995068053413 532.908050000526
-0.0741693477548437  -0.650988101189529    1.07782952318547 1.26134970610333 6.04135643930261 3.56928402575825 7.04641305032374 532.959439997627
0.0371449920764358 -0.527238090479696   1.15185151323696 1.26732855370472 6.54026809241562 3.36048187619594 7.13918237696962 532.981249999
0.0696107990298023 -0.223899374955016   1.14972621118412 1.17339121955578 6.82187771479107 3.20011047705822 7.26699335660471 533.008449995948
0.379972666613185 0.258983660691086 0.961629343321503 1.06591873884224 6.26237530406941 2.57967070601631 7.32660753419313 533.060839997627
0.438012728992031 0.502790026088277  1.14487249025406 1.32490980071605 5.62307298010532 2.34939353143134 7.09341402749309 533.082249997474
0.432790433639662 0.723903374026926  1.50030821056914 1.72112416201701   5.533490015393 1.87793028555402 6.61461566497234 533.108849995948
0.405063550793339 0.732310688040659  1.87698281258498 2.05509608114544 5.89351221632093 1.43023859921694 7.27767139268654 533.16044099939
0.440124880633312  1.09269130468103  2.15791820382313 2.45851483059779 5.85280489900084 1.23097698960241 7.51907097270302 533.182241002441
0.402562160822854  1.45473472531664  2.32620518659722 2.7730019806196 7.16864782581841 0.56309986365222 7.24517309788292 533.209241002441
0.295890649960925  1.69913394022266  2.27371120787129 2.85383427695975  7.53176108105342 0.444184637686202  8.25611445832063 533.253050997474
0.25721871462826 2.37526212916163 2.43033122341344 3.40801137100256  7.82498044761557 0.190674505994357  8.68608913046713 533.280450999
0.221003010328861   2.3047283760395  2.19052174230828 3.1873187354611   8.18618220548112 -0.309620042287886   9.20000774547886 533.309650995948
0.377267607157159  2.34788856141056  2.37648498921718 3.3619328440924   6.43156112452178 -0.742573720428953   9.25369100764135 533.345850999
0.0666487177724488   3.01908898912117   2.20680736913773 3.74023249816024   7.50090084874004 -0.794598180319016   9.57567810790142 533.382050995948
0.135282866833837  2.36116648359546  1.70753564102218 2.91703386724843    6.6458543888429 -0.950899311389843   10.0110248009226 533.410251000526
0.100059091033328  2.36580592160637  1.48872578144073 2.79702590848432  5.01857319326831 -1.12120377339965  9.75332880007167 533.446041999153
0.0139007677359229   2.42638654329787   1.23410298886535 2.72223347197977  4.83186755055327 -1.38458341630393  10.1656480251542 533.480451999
0.164270413225107  2.07936368755714  1.04017954427967 2.3308177959957  3.82972991434529 -1.31846233470022  10.6502323907408 533.510852000526
0.0580409139996512   2.64472054426571  0.951615439596175 2.81131418554327  3.17522481962092 -1.01149913427377  10.2111723584242 533.547452000526
0.0861266132572579   2.52306007272195  0.621854423409291 2.59999093228968    2.5191728383536 -0.658387372158547   10.2060981606254 533.579251995948
0.229660128002009  2.23053900935543 0.337473703943827 2.26758385677438   1.69253143927358 -0.497383283638139   9.75171079308878 533.611452000526
  0.252233879803786    2.00867431307027 -0.0856432252347518 2.02625990142869  0.993832519944463 -0.470519035880811   9.43452772968906 533.649442000916
 0.251588854705914   1.92993094363419 -0.255594796824667 1.96297200672165  0.224438725184948 -0.284862105544952   9.09303219650441 533.680442000915
 0.221878520794045   1.65763888219816 -0.452286480499566 1.73250102516783  -0.278697214199626 -0.0670168843478897    8.70667257133105 533.711842002441
 0.213496003882463   1.44454461616564 -0.673823311123385 1.60820631337531  -1.09466641326662 0.0740692701376458   8.42961305077446 533.751042000678
 0.248136356741995    1.4150023965413 -0.879037869628926 1.68419446917409  -2.01929984670766 -0.107363517039974   8.50540721708728 533.781852002052
 0.328247396004461   1.49968937451673 -0.939977918250815 1.80010362474532  -2.76574244431951 -0.246497606783365   8.20921000338897 533.812452000526
0.372387734264858  1.26344575264299 -1.10059653500329 1.71647328186715  -3.34472865740646 -0.401698608524439   7.66837726729307 533.853852999763
 0.362629695976782   1.34928233768207 -0.980812447588727 1.70706068448957  -4.38053741380523 -0.741157255406777   7.69862855814065 533.882252997474
 0.357281268319048   1.52457062451313 -0.838639258774985 1.77631114959589  -4.50590479074206 -0.700621175879232   7.23337588489398 533.912852995948
 0.305428989115978   1.47708749031342 -0.970168105382244 1.79340471565505  -5.10453133527048 -0.979775772077024   6.81506788146202 533.955852998237
 0.383763034482867    1.4780561660097 -0.930939938859383 1.78845555334157 -5.78323474986303 -1.17451041131679  6.70998724026233 533.982042996864
 0.345897059206964   1.58430566480566 -0.821848998697228 1.81799477220452 -5.91365877751454 -1.28353067867695  5.83288183024473 534.013453000526
 0.396434343140019   1.27825177953899 -0.966786537592642 1.65098879753493 -6.14783728242817 -1.22482227072718  5.23956587745248 534.055842997627
 0.414638146248067   1.19117574416148 -0.953596650866345 1.58119290990891 -6.73043499378733 -1.53075963906943  5.24889252681164 534.080252997474
  0.50005457300371   1.20349334171194 -0.880175204259194 1.57262811551861 -7.05790161648463 -1.59748566466136  5.07868683355831 534.113843001442
0.54970426217838 1.34979280625752 -1.1359061866511 1.84780904331424 -6.69862893645398 -1.36235121039061  3.98527979463221 534.154253000763
0.566209587437975  1.17813777037881  -1.2943391764018 1.83954228178325 -7.35501934355138 -1.75093419580168  3.58922318741442 534.177253000763
 0.362328009347466   1.23355727049421 -0.994369541001502 1.62533562996027 -8.40126516409134 -2.22910959257366  3.55643741136317 534.213053
0.264863699121828  1.22306287353699 -1.02401529929736 1.61698574666943 -7.51491976670433 -2.18606270146222  3.38233672347399 534.25184399939
0.428270263422329 0.998931255974778 -1.47760647718385 1.83428459463379 -7.36404906727566 -2.22854259777704  3.34061893360703 534.273044000153
0.570438899116181 0.628024961713998  -1.4304249657749 1.66310897805071 -10.1816024640202 -3.91171013461766  2.97049452680038 534.30984399939
 0.148983212436622  0.884614837277655 -0.873507207779119 1.25209993609208 -8.69631622175974 -4.11004043309715  3.53023430965216 534.349853999237
0.279131857369561 0.605046465601595 -1.21143582322861 1.38259631604353 -7.93269792827964 -3.91877937515508    3.975797042242 534.370644000153
0.712454767512925 0.444717749182317 -1.45899010686339 1.68345412890132 -9.62049473796384 -4.92823073951358  4.52261350422076 534.406454001526
 0.73040748021537 0.755850194835273 -1.16497633651961 1.56906802556095   -9.949254428043 -6.22578276345523  3.63705519234514 534.447854000526
0.889783596691318 0.491844207017345 -1.37954343601593 1.71369940910654 -9.26030052740394 -6.06368991199017  4.05882612802113 534.468653999763
 1.73584760460607 -1.21351543619522 -2.40415130446737 3.20401780817037 -8.68277650521435 -6.82127305728802  4.60107755903219 534.515854000526
 1.90966336540074 -1.54427409024753 -2.39714477359041 3.43189447689106 -10.1048797123907 -8.33661744050752  5.24845334867889 534.546044999771
 1.86604121002737 -1.22494658158022 -1.97237630488988 2.97873668076527  -10.860886893657 -8.77659937477796  5.77851618687141 534.568045001679
  1.66470037366072 -0.628891135797472  -0.90958966085992 1.99852063934652 -10.2535403591547 -7.91527294422007  6.61531367036976 534.616044997864
  1.89535752693842  -1.06517617274737 -0.969085357036317 2.38035855768266 -8.91365098034646 -7.84074941388203  6.21147079932193 534.645445000534
 1.94522158056908 -1.49748662701708 -1.04482092967019 2.66795876480195 -8.90692739111132 -7.41443201845318  6.38464035629545 534.669845000153
  2.06640741631757  -1.77818710338465 -0.664641749543906 2.80601811114835  -8.7566638306207 -6.25579857931158  7.25470425164627 534.716445002441
  2.05161142188778  -1.77459640640362 -0.332653286299912 2.73293981655784  -7.6238616062386 -5.46962252401309  7.62749741635675 534.745254999381
  1.94975710584739  -1.61101767737387 -0.200723344084457 2.53716782840118 -6.17645803393273 -4.43663566660433   7.4763537854161 534.772055000526
   1.8987796031183   -2.4237728353141 -0.808786401327466 3.18342177246385 -4.91038040416144 -3.52122510912475  8.54988233288181 534.817055000526
  2.15277322964534  -2.78499551295492 -0.787712004944991 3.60709339887272 -5.51362160958978 -2.99493783168275  8.41243171658698 534.845846000153
  2.16041622857586  -2.43318128064682 -0.522348288368354 3.29554504741558 -4.69500989611431 -2.38010349629023  8.33174102575314 534.874246001678
  1.81664125942765  -2.47924507717534 -0.510709168542281 3.1157126749728 -2.71962271271188 -1.31842911108565  8.21579324645773 534.917446002441
  1.74576246252101  -2.99638001725427 -0.542701126213214 3.51005759151345 -2.19551302913615 -0.71524103755661  8.07230760688691 534.949055998619
  1.51497988631277  -2.56109743707981 -0.321594166383627 2.9929595630414   -1.87183940485003 -0.0168734327157685    7.97252357519213 534.977855999763
  1.14096539642553  -2.25132284413091 0.0349812059953019 2.52417912777977 -0.749696730885195   0.60741100819948   7.54387853147891 535.017855995948
0.848392808117165 -2.07077825992965 0.178474657366312 2.24493789713306 0.875695203991507  1.00095033739821  7.41454629695126 535.054846000916
0.674199282046065 -1.93170922088797 0.303348304711763 2.06834846675954 1.62663181038196 1.89983957527251 7.89645363046033 535.081855999237
0.646275951841617 -2.06746304637584 0.225609652162773 2.17783740651304 2.27695407467731 1.65999109961741 7.29611298920893 535.118255996948
0.529991929971912 -2.15772369919918 0.338746158693592 2.24753464221373 3.10520869464268 1.69434230579701 7.29484383605001 535.15984699939
0.553644962933151   -1.841984248505 0.516238690795227 1.99146456222443 3.62449820385258 1.81451501907142 7.59810296452902 535.185857001526
0.684874026903301 -1.59049351826716 0.720910005084217 1.87574873045595 4.36558997198151 1.93129995666162 7.09953333132325 535.218647002441
0.659364042190768 -1.47531913758213 0.803039562403975 1.80449439917008 5.49963504827059 1.99100799772813 6.36031083349387 535.264856999
0.589504335260148 -1.40262648247109 0.734903834080266 1.68966270479218 5.99124353553911  1.8270711369332 6.24742784220135 535.287657002052
0.653612296730576 -1.51756154476251 0.673389328314712 1.78428004081969 6.44543102937944 1.57500775031645 6.31043408983634 535.319056995948
0.819375891020115 -1.07368390093267 0.735789466251288 1.53803774614063 6.75024186072845 1.43275959811513 6.26088023170218 535.370657000526
 0.933193652420662 -0.923842398714556  0.872564777026522 1.57661170257239 6.73050829990435  1.2606018070838 5.85958595448437 535.392456995948
  1.02643600647611 -0.527232907555915   1.17145257736794 1.64433772541485  6.9374138840219 1.09237038472206   5.324719820175 535.419456995948
 0.814541603856317 -0.320655259733004   1.27942290543294 1.55023249577402  8.72335098304455 0.875834445805162  5.30309947985232 535.473648001678
  0.84106826606108 -0.437195066912442    1.1776063534179 1.51171825361665  8.36173204188685 0.953927268042556  5.52776481725396 535.49404799939
  0.881667973802136 -0.0915869632993428    1.18832047051477 1.48250872797404   7.9003351737574 0.874770868735344  5.40611209305288 535.52004799939
 0.61210881723543 0.346154774132823  1.41716511998567 1.58204213252881  8.38967589588463 -0.57817404408577    5.229254086672 535.575458000763
0.684780624604734 0.540487588474394  1.58064452559725 1.80540534324829  8.37093381544753 -0.40167868473885  6.00451020874356 535.595247997864
0.846499996301323 0.967871800039161  2.01399776459384 2.38946124907649   7.66193020826168 -0.772099037558874    6.5531644635991 535.620258
0.942607002084676  1.67602937839362  2.62635836029117 3.25504849031299  8.63554024424248 -1.89358404384521  6.18935344529658 535.675657999763
0.860930526117791  1.85678874872592  2.67006530909741 3.36424056557227 7.76088944189546 -1.4283938573616 6.56622624202043 535.696457999
0.750592737015256  2.13384720946402  2.77342083378666 3.57890437026184 7.65948064813755 -1.7235771683721 6.88340293774945 535.720648001441
0.509077972792311  2.17947417558417  2.58409599284375 3.41859915237978   7.8208260140554 -2.36571745765435  7.24944108469752 535.748858
0.588181984963968  2.22983834099395  2.65897263594479 3.51969779286602  6.33338972928402 -2.95785042711583  8.39773114229974 535.795457998474
0.313374244669212  2.69022406042789  2.48616223246658 3.67648086608244  7.65523815354179 -3.53782190256224  8.38922932766994 535.821258001526
0.197084236586151  2.22639892832103  2.16618323428312 3.11256231886673 6.35397141318473 -3.2162493285637 8.50506173173452 535.850649000534
0.122059162479546  2.13137605563836  2.15141285737399 3.03088099610787  5.23530904873526 -3.38274224779644  9.04163378316624 535.894448995956
0.173080038393871  1.86767177587759  1.92719526808723 2.68928171886806  4.39112935767839 -3.25017882322826   9.4772339876489 535.921649002442
0.0842463688802296   2.04810418612306   1.78318762273486 2.71690748936343  3.65906160342535 -3.13541305866656  9.47116676461465 535.954048998627
0.175948024168769  1.75374446311948  1.32022155201946 2.20217217663556  2.81027558802502 -3.38952995533938  9.64576101609009 535.993448996338
0.246958930113955  1.67806915004842  1.38355454498727 2.18886453771406  1.44550607258905 -3.44844548718114  9.94431341051235 536.02224899939
0.181522596630502  2.03544312099621  1.47685425407783 2.52132458039144  1.23188565903539 -3.28915910216989  9.76046610692029 536.056648998627
0.126192447534123  2.29041436687513  1.27913421860285 2.62642472860034 0.655169301481875 -2.91442119097775  9.89960627578263 536.092859001526
0.0363488733115144   2.45755389431986   1.16422298158189 2.71961532848327 0.0562122824953628  -2.74096423280328   9.61187208312624 536.122658996948
0.130084082239606  2.36063497170576 0.899661066185947 2.52960656468614 -0.882247470109548  -2.53478021858876   9.96012436249556 536.158659998237
0.354936536231037  2.55700828560659   0.9451299943754 2.7490984019639 -1.88720800873257 -2.60830810307658   9.4500611881445 536.191059995948
0.279805208966171  2.58595096835673 0.819616119978869 2.72712375037125 -2.15669426817997 -2.08572845810906  8.55384465592403 536.223260000526
0.309114859327283  2.20144799302625 0.475378949936621 2.27330385305156 -2.71157183167748 -1.39249347979281  8.36298520135051 536.259250000916
 0.59254720106312  1.78892805436349 0.237423815690006 1.89940670669377  -3.5587441204132 -1.48839867632961  8.31789768010734 536.288250000916
 0.60375148302723  1.86575916577889 0.125515814048188 1.96502603990932 -4.40741340117206 -1.70153434859495  7.37593833351751 536.32384999939
  0.517959764004283     1.6515471473263 -0.0554400716292326 1.73175168500315 -4.87863071342153 -1.36955405153735  7.15231022044197 536.363249998627
 0.523770166798021   1.57783304134587 -0.117947822673704 1.66667452817395 -5.71879647163751 -1.53889884336314  6.96263157540203 536.389659998474
 0.61850122666881  1.25096703225875 -0.27123930100329 1.42163041666878 -5.61227453262621 -1.38116629755301  6.70603707632299 536.424460001526
 0.649071423487808   1.00614251567118 -0.408330326338971 1.26504945754611 -6.60033381296038 -1.55494322681785  6.15285372019913 536.464860000763
 0.723025830073835  0.929727803810316 -0.453989978374058 1.26224682237508 -6.46978037206311 -1.32181397589415  6.00126225921417 536.489859996948
 0.777089764615219  0.870135368536189 -0.614101028780836 1.31837935943985 -6.93019243754352 -1.36727200306705  5.60579141951528 536.524859996948
 0.810911382877118  0.761005333469238 -0.687756386044275 1.30756079590702 -7.14633507771123 -1.56357361498111  5.56302878407003 536.56545099939
  1.01215014185993  0.364966971587451 -0.875468355438497 1.38711702512477 -7.14987821440641 -1.67769159598289  5.54726214269229 536.590260996948
 0.890092129489072  0.710294369985025 -0.685637003187823 1.32924045648302 -8.12268244863963  -2.2324948591338   5.3272264323998 536.625251002441
0.749173268819661 0.988770638634308 -0.51443593713498 1.34297144271767 -7.18606675849664 -1.71998082947061  4.96933222620022 536.665460999
 0.850841563775408  0.861260141941433 -0.760138528722211 1.42951424672604  -7.3411177261416 -1.72648080916896  4.82745897175055 536.688861000526
 0.891981516051719  0.810870098424448 -0.641753814467533 1.36564611077703 -8.79614816594421 -2.43788371842332  4.01745500288384 536.725651001441
 0.792610437397308   1.07193492494703 -0.473780678367758 1.41482999685014 -8.21063484311579 -2.01340385655323  4.08672579127742 536.765050998627
 0.890304145003892   1.04713454645939 -0.565674539441499 1.48631084015833 -8.33693161820517 -2.06409283448968  3.59505199267536 536.786861
  1.02137681906678  0.738394994038424 -0.804571716988496 1.49525028725153 -8.23922873669657 -1.86190320225101  2.97847638420222 536.826261001526
  1.11497392151615  0.574448846826029 -0.964155340162422 1.58200943209722  -9.4716780834148 -2.45525707018286  3.02629376420495 536.865051999153
 1.23748272031042  0.52325480830304 -0.91417083703829 1.62507458191014 -10.0503353288151 -2.87526456656631  2.74064519680349 536.885452000679
  1.27601861555071  0.174192347182654 -0.975171586375305 1.61540276832828  -9.2279904012461 -2.45308533946064  2.53166884828948 536.923451996864
  1.63221187599134 -0.385184550968543  -1.36876413462835 2.16471661024645 -10.4987811980024 -3.10753420576377  2.57008271584537 536.964651999153
  1.61913392436994 -0.328414205662812  -1.22049845444191 2.05403676520695 -10.9030093678161 -3.53535135051539  2.70420411742025 536.985661997474
  1.54945926889811 -0.624609059854756  -1.19845751838794 2.05603038085712 -10.2324458752602 -3.01373583508918  2.73997672656232 537.017862002052
 2.08754293925541 -1.92080997769966 -1.91547558409345 3.42292173543653 -10.2905043710053 -3.60556586312125  3.59159125508011 537.062452001678
  1.8782419203062 -1.83887702773723 -1.47630239319697 3.01475209436769 -11.2182854168587 -4.22949675380608  3.96114735812836 537.085252000915
  1.23800938078321  -1.10164730947251 -0.690233046442554 1.79519237960075 -9.31074449837504 -3.78060045383156  5.26085045912512 537.127661996948
 1.39082382360665 -1.38587564714548 -1.32984877670331 2.37140042729228 -7.76149564647217 -3.26542357881749   6.0955866362178 537.16025299939
 1.57800482023636 -1.57178860402087 -1.32918024312713 2.59371138470312 -9.13369495794604 -3.65756025523639   6.3170995363211 537.185453000153
  1.32914811605219  -1.49928525819565 -0.795847608257429 2.15589063159914  -8.6664489396596 -3.56521525252405  6.44741639488432 537.228053002441
 1.37428716072755  -2.1710121654679 -1.22526907762526 2.84661963306215 -7.18364083531963 -3.32441904660656  6.98076411628439 537.257662998618
 1.4554282867492 -2.5259468164354 -1.1002771101215 3.11597312831596 -7.88391177356275 -3.23991807798661  7.90691175969619 537.283862997474
  1.17669623240916  -2.14325756992112 -0.168015658789779 2.45079503345112 -6.72675898832223 -2.91401689075416  8.42366065570192 537.328462995948
  1.18698689286124  -2.37097374864686 -0.439387276778844 2.68765987051786  -4.6597831595617 -2.32916453543011  8.61703093681925 537.357853000534
  1.43823699078935  -3.12841772789171 -0.915667374508338 3.56285978710936  -3.9096737870347 -1.63445850953799  9.37358452623917 537.386253000153
   1.19666809070911   -1.98438265115623 -0.0599410478573071 2.31805564099515 -4.79970666750974 -1.86016602354141  8.82717183223174 537.428862996948
0.730974041915346  -1.6263520624793  0.18825790655043 1.79298218632074  -2.65173799742405 -0.733815518703373   8.95454415597989 537.459053999771
 0.838977225938419  -2.18896800491366 -0.239330083128859 2.35642581060162 -1.63933898775757 -0.40737842394452  8.66135864871758 537.488253998627
 0.845918886618096  -2.36853653731751 -0.264778675920877 2.52896260125919   -1.38407461211627 -0.0676453423134205    8.99428787496126 537.52945399939
 0.889202380225728   -2.4907751210584 -0.221434742303266 2.65399226106286 0.188565337305957 0.607092776979424  9.09603030333387 537.562263998474
 0.844509602661281  -2.46868628160561 -0.446513962606618 2.64707067241839  1.06087233182704 0.669259248980659  8.47013565148726 537.592064001526
 0.706407733176186  -2.08165419978417 -0.287735555669869 2.21699973905431 1.12130395526691 1.28942426797696  8.7262218104244 537.629854002441
  0.577937778789448   -1.68036902729331 -0.0769084897290235 1.77864191444797  2.1170751412933 1.62801958366142 8.11789283181719 537.666464000526
 0.583474107399148  -1.77819615801716 -0.059404262335183 1.87241888389746 2.88413997418534  1.7209158336408  8.1447465663598 537.695464000526
 0.592610894798634  -1.67439495445122 0.0146199385449836 1.77623193269596 3.11416660926572 1.96744877964889  7.9282193834859 537.730263995948
0.440759491564987 -1.35155967055173 0.215004538380722 1.43777933772566 3.85981917574168 2.06416391834547 7.33613547069963 537.772253999916
0.384866878715119 -1.35884289902647 0.251685181124248 1.43454591037169  4.3556946699831 1.93913279930731 7.35775921780628 537.798463999
0.477412849743308 -1.45498920904502 0.270131401314118 1.5549558197947 4.66229522160439 2.13275378823823 7.63433702368565 537.830663995948
 0.453466600741603 -0.943443074146087   0.47813359398416 1.15079473662273   5.284391266925  1.9766036219971 7.03510332248422 537.877054998627
0.458494031815512 -0.84508738680565 0.559456691937335 1.11237640153948 5.44765686180182 1.88954101935914 7.12990691760847 537.90125499939
 0.507546561091814 -0.729242338820438  0.742476646203631 1.15787282141098 5.77976524147111 1.71768482982025 6.87146994408937 537.931055002441
 0.432877119172136 -0.477309634934251  0.836245528115334 1.0557052956184 6.44624853202478 1.43067922119068 6.70579706956333 537.980255001679
 0.433971812812805 -0.343454456191237  0.931215222242493 1.0832609509854 6.44247434919713 1.43415705723734 6.81864438788711 538.003455002441
0.515790682619394 -0.21998396900692  1.10810361730804 1.2419044253034 6.41053245991007 1.29098898982943 6.85579861761741 538.031455002441
0.585689587599636 0.419444714661403  1.61432506776493 1.76777023000566  6.72069245731964 0.712045069356792  7.30582312820098 538.08205499839
0.700676742649849  0.47427528585604  1.77605840214189 1.96729977184033  6.93518313556768 0.421279193331278  6.93217147672441 538.104654996864
0.666080918218263 0.574840007869137  1.87280345085079 2.06917799857337  7.04383029428083 0.323011116076178  6.78728455462965 538.131864995948
0.669264382124795  0.84659649560582  1.84199388736779 2.13484939062531  6.89933142990678 0.250811732354964  6.87722017766373 538.180466001526
0.539573246126663  1.03178358115941  1.81236547514381 2.15415534764302  6.63775514158747 -0.28032655238816  6.78514616281655 538.205265996948
0.485721631676661  1.19650071951716  2.00671488736109 2.3863034414006   6.39074194608909 -0.268106867337425   7.51262716584713 538.232256002441
0.383827781493326  1.60314366490898  2.20511130040488 2.75316349375717    6.5574664743186 -0.663084311699886    7.7110536489847 538.26285599939
0.298389401296606  1.67646937901606   2.0172218712293 2.63984277777115  6.85387650785742 -1.04360968665101  8.64023986878388 538.305656002441
0.29046327560052 1.81829393655524 2.06718737799375 2.76836150275263  5.83393721182064 -1.40274475489698  8.37780326685892 538.332656002441
0.0784680080523357   1.95515290176281   2.22324588984852 2.96168910999915  5.98213635397271 -1.57717490551632  8.44504214711661 538.362865999
0.0563065955898873   1.53830711629329   1.94132028625533 2.47755598737384  5.10391838962113 -1.88340531083957  9.19446256610066 538.404266000526
-0.0712182127643617    1.98245312150873    1.79580960395942 2.67584090455354  4.64613588289903 -2.03964781766021  9.79602995904935 538.433266000526
-0.184936141323419   2.55838005021404   1.54473327255264 2.99427966980908  4.16021478667194 -2.20237615397699  9.92791834642068 538.464865998619
-0.200795715363684   2.51627022980239   1.27707524506773 2.8289319486801  3.41109947517233 -2.12558905675007  10.1246946576961 538.503665994041
-0.0138714907527504    2.00867901081292    1.17881355379844 2.32907388920038 2.55401830263045 -2.3777158422316 10.4192938720821 538.533866000526
0.157357102042097  2.10840949368799  1.28695646948209 2.47515833937519  1.21575790705967 -2.82352666681456  10.3431600431562 538.568657000153
-0.0383125068552476     2.6903965471575    1.43319829508774 3.04856667668282 0.940571773603434  -2.6171273904263  10.1546167483508 538.603656996338
-0.0848377446628817    2.60962576998411     1.2563974931849 2.89756428111025 0.190116414608227  -2.3760427764682  10.1804352077446 538.634257002441
-0.0368504669205706    2.68795137197488    1.27210637564359 2.97400322225229 -0.643997312137981  -2.40571883960576   10.0141599048895 538.671466999
-0.0469053939270906    2.76911208445795   0.945118759167456 2.92633410963286  -1.4694801789742 -1.99052492856006  9.42471924557646 538.703666995948
0.0288392829151909   2.49625361618101  0.705050938113685 2.59407221292523 -2.28236577564395  -1.6457341368715  9.06884514398538 538.734867000526
0.117005001048124  2.32463670201221 0.470217403138485 2.37460109762183 -3.17604022560079 -1.43049023636834  8.58901346360063 538.773066999
0.267205913427828  2.07426444287273 0.298852464887952 2.11264875805386 -3.95965595982565 -1.47984465893382   8.2038433773388 538.802066999
0.293953090858982  1.97845351686497  0.16021591782985 2.00657815156723 -4.38152535152242 -1.02737185229475  7.61660151054125 538.835266995948
 0.451187271726872   1.71581481746705 -0.258769810096894 1.79291724756761 -5.25556622871819 -1.18659897543213  7.17937755015578 538.875667999763
 0.469207340059525   1.59910125895292 -0.262503097845608 1.68706497821782  -5.9637622776211 -1.25410302604581  6.65652010695664 538.901658001441
 0.498487160355268    1.3906185218091 -0.328325255952615 1.51330988100056 -6.22640169676729 -1.12220294950147  6.27023397877167 538.935868000526
0.470770147839102  1.20228314715388 -0.40688818693161 1.35376042736194 -6.85569349833583 -1.39827407224722  5.85199514923237 538.976067999
0.482797404760475   1.1666448166891 -0.37306377756876 1.31655992817831 -7.24993971802777 -1.42319386654472  5.75930727612557 539.000267995948
 0.526374198264397   1.20716247098149 -0.347240253969921 1.36194229757421 -7.53046171214657 -1.62753720792681  5.29072495809765 539.036258001441
 0.568023520889919   1.19953675911754 -0.441694408360686 1.39879702142072 -7.69788045442271 -1.50688321582039  4.75133678349836 539.075657998627
 0.616200868914194   1.11857034541764 -0.456862410553127 1.3563282754093 -7.94017052173367 -1.60943997841283  4.52741312271364 539.098468
 0.629180273085245   1.03477535370276 -0.417318435228358 1.28093033575278 -8.13406671930418   -1.714048794475  4.22508633590388 539.136868001526
 0.619395795309009   1.17530184630226 -0.440158313738097 1.39954454102781  -8.3078804276784 -1.75109458348073  3.75878320219647 539.175068999
 0.676893368198909   1.07094275811171 -0.492914192748385 1.35943643635014 -8.27401858697779 -1.72167443005572  3.55458686011861 539.19645899839
 0.764543938448753  0.786880955360932 -0.519535184708143 1.21392993202993 -9.04015469789877 -2.09676315251077  3.05037639225585 539.237259001441
  0.71335170325281  0.896540547824543 -0.458406758842036 1.23401473369619 -8.98599523991234 -2.15760044437397   2.9578870655632 539.27385899939
 0.788313129920051  0.737793460253615 -0.577220018864262 1.22432010968333  -8.9173312088453 -2.16566897970679  2.82025994644661 539.296459001679
 0.88509410999749 0.698401483369836 -0.54863774585328 1.25385788337451 -9.8354848164572 -2.4111913934453  2.4713853021529 539.337659002441
 0.763572572617937  0.875223437011875 -0.458689351200345 1.24878142973614 -9.54427420206316 -2.36461422171877  1.79901096282165 539.374868999
0.749432625605983 0.833160564809382 -0.51416129707947 1.23295078023845 -9.61917886249157 -2.32951538061925   1.9354312379144 539.394269000526
  1.09985219938755   0.43618914697902 -0.669890261414553 1.35966495681031 -10.2735975144787 -2.69736450521867  2.04683446409567 539.435068995948
  1.33459764415142  0.127130739057441 -0.734928213687677 1.5288664349321 -10.1842215272638 -2.94022098359954   1.6447711906639 539.475469
  1.57790519832277 -0.331727134659913 -0.996783549029206 1.89562790398827 -9.37864462531545 -2.86394587300638  2.10943074293288 539.495259000916
 2.57737214433047  -1.8699574681252 -2.06893492634077 3.79737802074017 -9.88607132196129 -3.58266749117547  2.88410155651136 539.538869001526
 2.30429317517629 -1.58539966451171 -1.56998339932742 3.20750791231472 -11.2257050746015 -4.52421132015426  2.56391285454805 539.573869999237
  2.2121192545379 -1.76473974995282 -1.48647841043674 3.19646618096538 -10.0816024815758 -3.98545463844518  3.35152801058031 539.596259998627
 2.54713208915524 -2.94175816079783 -1.99818861967677 4.37430917014684 -9.06361347474758 -3.88418600493442  4.56798126765443 539.639260002441
 2.47599295376873 -3.15759491960604 -1.78565055252142 4.39198072390514 -9.22394073442756 -4.12960841344725  5.76642904834233 539.671269998237
 2.41572183893889 -3.11499677237407 -1.65968364104022 4.27708623754112 -8.90890634435001 -3.75981149958376  7.10423505379885 539.697669999763
 2.16837512035724 -2.83786063427773 -1.39505775636209 3.83425218077183 -7.45566763144132 -3.69268380005422   6.9368325349834 539.739669995948
 1.65146564679762 -2.39204155663049 -1.17978648793986 3.13705239808413 -6.45675956788612 -2.93051718386598  7.77448922944257 539.769069999763
  1.53031031722591  -2.11239435070868 -0.988132671439398 2.78934862221989  -6.1821693774901 -2.21664720724223  8.45621871172806 539.797069999763
  1.37914794462917  -1.94649567051172 -0.485092333939431 2.43438062367875 -4.96750917028319 -1.96174651055139  8.26916213571024 539.840069995948
  1.04570695078878   -1.8050195602175 -0.415346265611859 2.12699580630839 -3.97838732210806 -1.57258155303447  8.60978072373556 539.869461000534
  0.92734232496388  -1.81042403940146 -0.439545911990801 2.08105732714405 -3.48449343994648 -1.08565709886428  9.54409454461004 539.898261001679
  1.27155238776706  -2.15282245440873 -0.310492142781269 2.51950299975441  -2.67003822657999 -0.743704120154513   9.34735246281372 539.940461002441
  1.10808286360289  -2.14469806208377 -0.277422712143185 2.42992608351142  -1.53403251312774 -0.339230652802782      9.03367716532 539.972070998619
   1.0022785414339  -2.15178240979391 -0.337429526632625 2.39762142532153  -1.13057541566409 0.0682455077524734   9.35501235490229 540.000870999763
  1.15704420209385  -2.24863478339487 -0.142169145301662 2.53284854276131 -0.283589820604416  0.685222645246395   9.41063075266971 540.040870995948
  0.981168507266543   -2.13360112143925 -0.0317248064734265 2.34860636301707   1.0137950032721 0.742459693676911  8.58826566999407 540.077070999
  0.832370980814354   -2.02055226846453 -0.0437739722692041 2.18572392583035 1.48091286875912 1.23488897125717 9.23247926438441 540.105670997474
0.915711635269215 -1.74601400847179 0.157505391969211 1.97785253880225 1.97604310214428 1.53499642708234 8.83418840710602 540.141261001441
0.682862366588672 -1.38751026625023 0.318149012095374 1.57883011896471 3.09707656244704 1.67459565921624 8.22172007903574 540.182070998474
0.639295913072758 -1.19309727198976 0.412624087828209 1.41507561732827 3.56828481377358 2.21651656337845 8.26886432050324 540.208670996948
0.647374366183816 -1.36255293766465 0.372221555328829 1.55376734557716 4.31631109781754 2.17080443481294  7.7651027828444 540.241670996948
0.518062734761406 -1.35801973664688 0.337102800620025 1.49206062224589 4.54630072476227 2.47976411983689 7.47864969464319 540.285272000526
0.482602757640508 -1.01038323656419 0.466029616866642 1.21283276267135 4.75564966498167 2.36155435875127 7.19750859802588 540.312272000526
  0.37445811352464 -0.892162107829903  0.567217563188782 1.12156491984269 5.19116813705822 2.42232461788754 7.09784007922304 540.342071995948
 0.385463834340446 -0.805919904364827  0.707497380789063 1.13957966095365 5.84598737809096 2.32393249947064 6.90653812781807 540.390271999
