 0.524635058703   -1.3062629312 -0.578561817947 527.115232998
 0.534684555087  -1.37678524302 -0.575648216838 527.144032997
 0.547116003057  -1.48478438196 -0.567539225177 527.181632996
 0.555404479727  -1.61721119582 -0.548797622949 527.214022998
 0.552357091058  -1.75770175802 -0.513924882946 527.243233001
 0.531394733076  -1.88853827874 -0.458459350961 527.282023001
 0.487791751581  -1.99287500348 -0.379930102833 527.317223002
 0.419697081952  -2.05696894016 -0.278562532839 527.345823
 0.328769451668   -2.0721076886 -0.157654400024 527.382432997
  0.220295730289   -2.03590438246 -0.0235547322712 527.418624002
0.102730507168 -1.95266505419 0.114808105993 527.448623998
-0.013309298615  -1.83265097403  0.246872837023 527.482824002
-0.116456774989  -1.69025251604  0.361830306278 527.522234
-0.196189755593  -1.54132097432   0.45032068604 527.551834002
-0.244339541682  -1.40010795011  0.506210365028 527.583224001
-0.256258331533  -1.27637941182  0.528125764673 527.625434
-0.231458631928  -1.17326958294  0.520384480137 527.654624002
-0.173644380325  -1.08631895931  0.493010512878 527.683834002
-0.0901695041857   -1.00393065827     0.4606584394 527.729633997
0.00894525114592  -0.909225300445   0.440482240057 527.756834002
 0.112254456721 -0.783024015784  0.449225282474 527.784233996
0.208203810822 -0.60748278628 0.500022126717 527.833824999
 0.286369809701 -0.369770546108  0.599533479742 527.858634997
  0.338523488919 -0.0651488858249   0.746038633848 527.884625002
0.359458307369 0.301119201511 0.928965989703 527.932634998
0.347537048269 0.713436704966  1.13006754818 527.959034996
0.304904309659  1.14727595503   1.3260916694 527.985034996
  0.237298317  1.5721854926 1.49246464351 528.025435
0.153405215822  1.95597002408  1.60724966158 528.058834997
0.0637516752748   2.26936192893   1.65458443875 528.085434996
-0.0207710381122    2.49035839423    1.62692974323 528.119635
-0.0905406761532    2.60741347064    1.52575310063 528.157234998
-0.138690415207    2.6208726336    1.3606384267 528.186035002
-0.162119334439   2.54239340273   1.14714899561 528.220636002
-0.16177256025  2.39253092224 0.903992597852 528.255835998
-0.142101962933   2.19706815765  0.650103220973 528.286636002
-0.109829626517   1.98292182805  0.402172582381 528.323626
-0.0723252581793    1.77448229744   0.172983949906 528.356225998
-0.0360097413035    1.59104231998 -0.0293189425379 528.387026001
-0.00517425293518     1.44560429594   -0.201098145189 528.423835998
0.0185339219068   1.34494991588 -0.342441569076 528.455435997
0.0359127147599    1.2905416797 -0.456030772017 528.487636002
0.0494498046606   1.27969771139 -0.545951276563 528.525026999
0.0623030262263   1.30656361144 -0.616679873486 528.554837
0.0773462026122   1.36264542869 -0.672385039038 528.588237002
0.0965496566281   1.43696212373 -0.716569109533 528.625436999
 0.120838135821   1.51611089176 -0.751991835337 528.653227
0.150418355683  1.58463273343 -0.78076367701 528.688627001
 0.185432095341   1.62599220031 -0.804489617379 528.723837
 0.226696365821   1.62427486418 -0.824372441332 528.749837
 0.276256881821    1.5664311465 -0.841231459114 528.789036997
 0.337513565934   1.44464546091 -0.855440229942 528.822837997
 0.414776053982   1.25826613394 -0.866821848674 528.846837997
 0.512258729354   1.01474438004 -0.874557364639 528.888428001
  0.63269809967  0.729205431037 -0.877162768053 528.922027999
0.775925646246 0.422571096427 -0.87257657707 528.945428
 0.937807113037  0.118493993193 -0.858377433056 528.983628001
  1.10992602331 -0.160341989109 -0.832122322182 529.021637999
  1.28023513955 -0.395832551772 -0.791763999618 529.045837997
  1.43465475181 -0.577255700754 -0.736075893616 529.090437996
  1.55932808959 -0.702717113838 -0.664992856038 529.121238
  1.64303571892 -0.778979082539 -0.579777247205 529.147038002
  1.67919356983 -0.819749895116  -0.48294934661 529.191038002
  1.66694470057 -0.842814126434 -0.377977071633 529.220638999
  1.61108250312 -0.866592146694  -0.26878901545 529.247838997
  1.52084642702  -0.90679234003 -0.159235157565 529.291238999
   1.40791988023  -0.973756364432 -0.0526482987781 529.322639
  1.28414840447   -1.0709208663 0.0483601715382 529.349839001
 1.15953209641 -1.19457670853 0.141807498994 529.391839001
 1.04092671366  -1.3348585171 0.225994761705 529.42123
 0.93165916449 -1.47769669902 0.299065738993 529.449639997
 0.83200247092 -1.60734211737 0.358693744016 529.492239996
  0.7402426719 -1.70903216412 0.402107888142 529.52264
0.653960193909 -1.77138676328 0.426564260312 529.551029999
0.571155771437 -1.78818189531 0.430197478859 529.592630001
0.490954332345 -1.75923724985 0.413017220511 529.626240002
0.413777034393 -1.69027770087 0.377713066087 529.65443
0.341035757097 -1.59178939544 0.329944004948 529.693229999
0.274535980634 -1.47707724771 0.277915194371 529.729239999
0.215843559446 -1.35990390689 0.231240707921 529.757039998
0.165862319524  -1.2521968628 0.199293238599 529.793639997
0.124784478448 -1.16230165062 0.189391818297 529.831631001
0.0924372328031  -1.09411791513  0.205240904775 529.859830998
0.0688972439897  -1.04721253006  0.245999534394 529.894031002
0.0551290290342    -1.017735098  0.306239988442 529.936040998
0.0533647808532  -0.99975722929  0.376877684564 529.962630998
0.0670001370047 -0.986587056596  0.446951446171 529.994440996
0.0999195768736 -0.971692423009  0.505943091687 530.039030999
 0.155345146567 -0.949061931884  0.546184555729 530.064840997
 0.234468017907 -0.913067405038  0.564841700072 530.095041002
 0.335223485608 -0.858083161959  0.565007169085 530.142642001
 0.45157548772  -0.7782076209 0.555582090525 530.167042002
 0.573582717139 -0.667398268003  0.549857151657 530.195432001
 0.688347381775 -0.520186429574  0.562974800564 530.243642
 0.781741438246 -0.332926475038  0.608709497331 530.266432001
 0.840613512989 -0.105314566618   0.69618509879 530.295832002
0.855048463923 0.158251645045 0.827213861079 530.345832001
0.820212274172 0.447954402731  0.99486863908 530.368631996
0.737379394084 0.748871757771  1.18369227105 530.396241997
0.613897398631   1.0424947079  1.37163446897 530.444442999
0.46206334683 1.30929361387 1.53343996045 530.468243002
0.297119141649  1.53185607274  1.64486767932 530.496633001
0.134763701034   1.6978886313  1.68688749502 530.535833002
-0.011321017945   1.80232982154   1.64895668552 530.567033002
-0.131451409214    1.8479998231   1.53066120922 530.597243002
-0.221081339345   1.84457659254   1.34138882762 530.632242998
-0.280950397993   1.80613486499   1.09818384536 530.665832998
-0.316308749626   1.74787460285   0.82237431172 530.697843001
-0.335461624473   1.68287725572  0.535826345347 530.732642997
-0.347974743009   1.61969894553  0.257690620129 530.765443001
 -0.362893126604    1.56135448139 0.00227529855126 530.798242996
-0.387265074311   1.50584792055 -0.221699857339 530.833434002
-0.425161138763   1.44798468209  -0.41060962753 530.865033996
-0.477267683461   1.38187647109 -0.564622821385 530.898844002
-0.541040591364   1.30340754325 -0.686144730789 530.935244001
-0.611337733946   1.21199637828 -0.778488465488 530.965834001
-0.681406995686   1.11122749469 -0.845068359378 530.999444002
 -0.74408111716   1.00826439416 -0.889169091728 531.035643999
-0.793013090029  0.912286806815 -0.914140547861 531.066233995
-0.823774469411  0.832433751425 -0.923758165603 531.099843996
-0.834639821516  0.775823019492 -0.922489236168 531.135635
-0.82690410341 0.746148241536 -0.91549528475 531.166434999
-0.804634671226  0.743160336911 -0.908330637483 531.200235002
-0.773846472638  0.763082970623 -0.906413243458 531.235044997
 -0.74119747214  0.799763133557 -0.914406216837 531.266044997
-0.712411296061  0.846181084022 -0.935645696944 531.300845001
-0.690719958165  0.895879168517 -0.971700029133 531.334635
-0.675656797054  0.943926416662  -1.02208323256 531.365835001
-0.662501240511   0.98719368096  -1.08410906776 531.401244997
-0.642578156444   1.02392603902   -1.1528798329 531.432636
-0.604456633933   1.05280672542  -1.22144763104 531.462635998
-0.535903360236   1.07185500204  -1.28123216748 531.501846001
-0.426263986055   1.07755161791  -1.32278653012 531.531035999
-0.268816291922   1.06452869526  -1.33694258254 531.558246
-0.0625996901288    1.02601241569   -1.31624354914 531.602245996
0.186702788112   0.9550046694 -1.25642214371 531.629236
0.467076739305 0.845982919307 -1.15757050705 531.654236
0.761680720633 0.696735271559 -1.02463263303 531.702636001
  1.05127654429  0.509870447032 -0.866959686208 531.729446
  1.31710635344  0.293573543806 -0.696886611599 531.754046001
  1.54363232204 0.0613187793477 -0.527555563518 531.803045997
  1.72058862704 -0.169525613343  -0.37044641689 531.831237
  1.84396148572 -0.380006667982 -0.233199985151 531.857237002
  1.91576835193 -0.552387240446 -0.118288021085 531.903437002
   1.94278414975  -0.672877811517 -0.0228934881725 531.932046999
  1.93458888575 -0.733737761108 0.0599387747272 531.959246997
  1.90143235491 -0.734325455028  0.139153447383 532.003837001
  1.85240453483 -0.680925850125  0.223075364581 532.032237001
  1.79427602566 -0.585473215996  0.316994316423 532.060236999
  1.73117096949 -0.463532710245  0.421536753643 532.104246997
  1.66500980835 -0.332037939929  0.532200355382 532.133638001
  1.59646634115 -0.207267288257  0.640128020978 532.161438002
  1.52606709896 -0.103391972756  0.733904897968 532.204638002
   1.45504646174 -0.0317000770805   0.801949591751 532.236447999
     1.38566056258 -0.000374939152785     0.834977842611 532.263248001
   1.32083535328 -0.0145610521769   0.828044980327 532.305248001
   1.2632365493 -0.076431474419  0.781795059149 532.338047997
 1.21404518866 -0.18507483008 0.702717916443 532.364447999
  1.17184513035 -0.336198965038  0.602398047771 532.405647996
  1.13203666631 -0.521827869087  0.495898823487 532.440438999
  1.08707325578 -0.730276289291  0.399545216605 532.466049
  1.02760418161 -0.946677755013  0.328444678023 532.506249001
0.944354474074 -1.15421336346 0.294122498212 532.543849001
0.830356817655 -1.33597850512 0.302646427082 532.569038999
0.683028192424 -1.47719874241 0.353570547933 532.606639001
0.505586474093 -1.56733859322 0.439931721556 532.649249002
0.307424670825 -1.60159884779 0.549379588813 532.673639001
0.103271877683 -1.58139711546 0.666324343263 532.707039002
-0.0887756564094   -1.51365525647   0.774776802921 532.753039001
-0.250024668694  -1.40901494001  0.861381107413 532.776848998
-0.364242722767  -1.27938107996  0.918053742043 532.807448997
-0.420409274023  -1.13536743587  0.943680543594 532.856449998
 -0.41461312398 -0.984236683317  0.944491080509 532.879450002
-0.350721185428 -0.828786258052  0.932994343136 532.908050001
-0.239701685036  -0.66737796972   0.92565782229 532.959439998
-0.0977665770554  -0.495021730788   0.939770224067 532.981249999
0.0562666734432 -0.305183840483  0.990086037993 533.008449996
  0.203859501684 -0.0918580640358    1.08587842514 533.060839998
0.329340257842 0.148565678492  1.22893062639 533.082249997
 0.42176274973 0.415994738239  1.41280652356 533.108849996
0.475793589026 0.706082655536   1.6235013751 533.160440999
0.49160805168 1.01045425775 1.84132842244 533.182241002
0.473971377299  1.31758960515  2.04368653234 533.209241002
0.430811641052   1.6141636383  2.20821307077 533.253050997
0.371628892669  1.88660147118  2.31578007924 533.280450999
0.306037188589  2.12260826666  2.35284963677 533.309650996
0.242629994653  2.31245680655  2.31285306827 533.345850999
0.188237670856  2.44986267281  2.19646377652 533.382050996
0.147548550767  2.53234884769  2.01084751125 533.410251001
0.123015451412  2.56109643351  1.76815019464 533.446041999
0.114966646989   2.5403806582  1.48358762571 533.480451999
0.121865296782  2.47677241888  1.17351730785 533.510852001
0.140689273828  2.37831414277 0.853804030989 533.547452001
0.167416517127  2.25383872722 0.538661012297 533.579251996
0.197594650911  2.11250377956 0.239996657863 533.611452001
  0.226954035271     1.9634993664 -0.0328308815066 533.649442001
0.252001631759  1.81580580497 -0.27301605136 533.680442001
 0.270518399547   1.67786532021 -0.476221813673 533.711842002
 0.281880147605   1.55709249443 -0.640498449902 533.751042001
  0.28713207002   1.45925366788 -0.766205329413 533.781852002
 0.288771035904    1.3878453969 -0.855866865413 533.812452001
 0.290228384028   1.34365153354 -0.913874237612 533.853853
0.295100026023  1.32463648772 -0.94597969564 533.882252997
 0.306235638216   1.32624867546 -0.958604083231 533.912852996
 0.324861586449   1.34209607011 -0.958061288856 533.955852998
 0.349952255719   1.36485555232 -0.949864004909 533.982042997
0.378059696291  1.38722176154 -0.93828858617 534.013453001
 0.403748060164   1.40270410246 -0.926331199773 534.055842998
 0.420658992011    1.4061370549 -0.916087936699 534.080252997
 0.423077200664   1.39385719264 -0.909460398357 534.113843001
 0.407707599231   1.36359040456 -0.908961268024 534.154253001
 0.375260167979   1.31415705041 -0.918312881125 534.177253001
0.331406543157  1.24512498059 -0.94253165759 534.213053
 0.286748832261   1.15652033793 -0.987290857081 534.251843999
0.255626537899  1.04865760154 -1.05754495443 534.273044
 0.25385102195 0.922093748387 -1.15564205009 534.309843999
0.295739598587 0.777665040159 -1.27938179745 534.349853999
0.391048181141 0.616539862002 -1.42061990764 534.370644
0.542501766467 0.440220675748 -1.56501096246 534.406454002
0.744551387433 0.250450948301  -1.6932865782 534.447854001
 0.983742731197 0.0490243891424  -1.78410470111 534.468654
  1.24071265259 -0.162454123274  -1.81805457465 534.515854001
  1.49342458678 -0.382758066457  -1.78198403515 534.546045
  1.72092304929 -0.611057094071  -1.67257048851 534.568045002
  1.90673207032 -0.846662381188  -1.49809414721 534.616044998
 2.04110095857 -1.08847586699  -1.2777271309 534.645445001
 2.12160518342  -1.3342382335 -1.03825862009 534.669845
  2.15206125968  -1.57978833277 -0.808873768408 534.716445002
  2.14018115546  -1.81860937687 -0.615181990145 534.745254999
 2.09473033151 -2.04190469411 -0.47395781177 534.772055001
  2.02305630124  -2.23931700612 -0.389913674082 534.817055001
  1.92968880736  -2.40022108847 -0.355299026937 534.845846
  1.81633435261  -2.51534488201 -0.352369085097 534.874246002
  1.68312343481  -2.57836748422 -0.358017591583 534.917446002
   1.5305715036  -2.58713444329 -0.349342652808 534.949055999
  1.36151063566  -2.54421678095 -0.308754679478 534.977856
 1.18229476751 -2.45668854181 -0.22745969568 535.017855996
  1.00284736775  -2.33516467932 -0.106659901334 535.054846001
 0.835506153187  -2.19228493296 0.0435676841067 535.081855999
0.692993048076 -2.04091960459 0.207207729703 535.118255997
 0.58608281697 -1.89239590029 0.366212129132 535.159846999
0.521596764925 -1.75500338115 0.504446429095 535.185857002
0.501212737821 -1.63295548944 0.610892217503 535.218647002
0.521323173103 -1.52589203708 0.681601308059 535.264856999
0.573884156222 -1.42893317121 0.720213518687 535.287657002
0.647969177219 -1.33325233759   0.7371210108 535.319056996
0.731623882905 -1.22711891324  0.74755031642 535.370657001
0.813618222154 -1.09735197642 0.768938552044 535.392456996
 0.884780843747 -0.931104986362  0.818022358407 535.419456996
 0.938736388702 -0.717855764956  0.908054980084 535.473648002
 0.972014383616 -0.451409627261   1.04652647266 535.494047999
 0.983633831841 -0.131651142173   1.23368671509 535.520047999
0.974369721394 0.234273729662   1.4620672363 535.575458001
0.945956304409 0.631669756078  1.71707894487 535.595247998
0.900462652327  1.03915625401  1.97864098852 535.620258
0.839990994645  1.43078531378  2.22367453644 535.675658
0.76672284944 1.77928426507 2.42917126318 535.696457999
0.683213103804  2.06002118772  2.57542466515 535.720648001
0.592748455912  2.25505005585  2.64891957033 535.748858
0.499567722166  2.35645563609  2.64435678514 535.795457998
0.408788368687  2.36824830293  2.56538770952 535.821258002
0.325978859735  2.30627561455  2.42385673323 535.850649001
0.256432701104  2.19598830671  2.23765602214 535.894448996
0.204306327841  2.06834396858  2.02760520475 535.921649002
0.171848729134  1.95454701184  1.81398480838 535.954048999
0.158952327344   1.8806062613  1.61341218955 535.993448996
0.163184701266  1.86276854942  1.43663949904 536.022248999
0.180335033338   1.9047329994  1.28761517083 536.056648999
0.205364864837  1.99719614879  1.16385702226 536.092859002
0.23353613986 2.11980153778 1.05791523124 536.122658997
 0.26143822388  2.24507827031 0.959517882706 536.158659998
0.287664064111  2.34356440531 0.857919902478 536.191059996
0.312980776107  2.38911023362 0.744014736656 536.223260001
0.339968090814  2.36338135288 0.611888278668 536.259250001
0.372220067561  2.25880999188 0.459654003595 536.288250001
0.413291682159  2.07960213767 0.289564053483 536.323849999
0.465610792016  1.84079900518 0.107509685467 536.363249999
  0.529572481406    1.56572266717 -0.0779116519696 536.389659998
 0.602999311369   1.28234896587 -0.256576300407 536.424460002
 0.681097720798   1.01923124917 -0.418105422491 536.464860001
 0.756971377761  0.801567206353 -0.553116214605 536.489859997
 0.822666589231  0.647897836138 -0.654377939501 536.524859997
 0.870626029448  0.567792251921 -0.717807860586 536.565450999
 0.895326944878   0.56073236941 -0.743226741188 536.590260997
 0.894800032173  0.616279305994 -0.734766250644 536.625251002
 0.871691275354  0.715477945404 -0.700804621616 536.665460999
 0.833562917027  0.833332693211 -0.653325353603 536.688861001
 0.792239913057  0.942065568057 -0.606659608636 536.725651001
 0.762183803764   1.01475727663 -0.575681986515 536.765050999
0.758086049912  1.02889300403 -0.57365926816 536.786861
 0.792072156306    0.9693121061 -0.610067846939 536.826261002
 0.871046771574  0.830114814276 -0.688761651408 536.865051999
0.994747050195 0.615215853706 -0.80686220077 536.885452001
  1.15498517385  0.337441789724 -0.954648668301 536.923451997
  1.33635654729 0.0163139105759  -1.11656273659 536.964651999
  1.51840201261 -0.325104516714  -1.27324250192 536.985661997
  1.67889800911 -0.663739156607  -1.40430231562 537.017862002
  1.79767759745 -0.979779336891  -1.49142069275 537.062452002
 1.86022466216 -1.25911253166 -1.52121737962 537.085252001
 1.86028215485 -1.49451113636 -1.48741230271 537.127661997
 1.80088963298 -1.68543556684 -1.39186786045 537.160252999
 1.69359097429 -1.83662387781 -1.24430899174 537.185453
 1.55596290673 -1.95590119613 -1.06076027123 537.228053002
  1.40800994162  -2.05178840899 -0.860986228539 537.257662999
   1.2682445526   -2.1314751583 -0.665412974216 537.283862997
  1.15034093078   -2.1995543602 -0.492097942249 537.328462996
  1.06108935658  -2.25765414135 -0.354278200298 537.357853001
  1.00002842827  -2.30484031743 -0.258879549219 537.386253
  0.96069554926   -2.3384861069 -0.206152395106 537.428862997
 0.933040427016  -2.35526363533 -0.190374525938 537.459054
0.906303572931 -2.35199430702  -0.2013783416 537.488253999
0.871629550295 -2.32624316828  -0.2265527131 537.529453999
 0.823849814643  -2.27667733814 -0.252943103278 537.562263998
 0.762159223826  -2.20327045206 -0.269112527059 537.592064002
 0.689723012685  -2.10741048229 -0.266506240073 537.629854002
0.612497383667 -1.99189356348 -0.24016383331 537.666464001
 0.537674630314  -1.86072362212 -0.188731565993 537.695464001
  0.47216533444  -1.71863762627 -0.113839162775 537.730263996
 0.421433154132  -1.57035094478 -0.019011395262 537.772254
0.388847400497 -1.41963516762 0.091628982508 537.798463999
0.375561834869 -1.26844610271 0.214564705027 537.830663996
0.380802078546 -1.11636131022 0.347706174381 537.877054999
 0.402371110806 -0.960540350293  0.490627918631 537.901254999
 0.437170000195 -0.796297555579  0.644156571441 537.931055002
 0.481574260554 -0.618214803168   0.80941703712 537.980255002
  0.5315901659 -0.42157019347 0.986596196403 538.003455002
 0.582817060225 -0.203761826366   1.17377431715 538.031455002
 0.630332635496 0.0346101091555    1.3661728602 538.082054998
 0.66866950753 0.289272421576  1.55606962392 538.104654997
0.692042486218 0.552556972255  1.73346361083 538.131864996
0.694912808544 0.814402450398  1.88738032818 538.180466002
0.672855746107  1.06389788692  2.00754798127 538.205265997
0.623567474105  1.29106868364  2.08608903878 538.232256002
0.547750285685  1.48855055726  2.11887661062 538.262855999
0.449590163559  1.65281224973  2.10628777149 538.305656002
0.336605050379  1.78467021547  2.05321300407 538.332656002
0.218785436155  1.88897291164  1.96831656366 538.362865999
0.107134121119  1.97349495688  1.86266338687 538.404266001
0.0118862186572   2.04724176876   1.74792609466 538.433266001
-0.0591995133749    2.11849048652    1.63445949799 538.464865999
-0.102078015541   2.19295488438    1.5295742185 538.503665994
-0.11688467948  2.27244496448  1.43634071426 538.533866001
-0.107518586458   2.35429794903   1.35319169247 538.568657
-0.0804505365792    2.43170567554    1.27445590974 538.603656996
-0.0430576863403    2.49488510788    1.19176398674 538.634257002
-0.00189730802122     2.53286983238      1.0960588112 538.671466999
0.0386697646946   2.53557557052  0.979779399302 538.703666996
0.0772046618055   2.49573935178  0.838725026874 538.734867001
0.115141794846  2.41036406921 0.673176179833 538.773066999
0.156033230934  2.28141234133 0.488037484023 538.802066999
 0.20430266494  2.11565944196 0.292020480425 538.835266996
 0.263802372176    1.9237925747 0.0961230599756 538.875668
  0.336469372887    1.71898779536 -0.0881851027787 538.901658001
 0.421327703635   1.51527193152 -0.250637454737 538.935868001
 0.514012020638   1.32597076438 -0.383373931649 538.976067999
  0.60691613207   1.16246523443 -0.481526494116 539.000267996
 0.690004867071   1.03335224598 -0.543244396344 539.036258001
    0.752260576  0.943974747194 -0.569372704444 539.075657999
  0.78365255047  0.896187613245 -0.563058886943 539.098468
 0.777411542994  0.888193094353 -0.529514157054 539.136868002
 0.732271792403  0.914325762051 -0.476018721014 539.175068999
 0.654238443105  0.964781467103 -0.412081702336 539.196458998
 0.557391384845   1.02543277251 -0.349510334247 539.237259001
  0.46328994371   1.07800184785 -0.302068549994 539.273858999
 0.398722915127   1.10091415533 -0.284450385269 539.296459002
0.391850818373  1.07108985959 -0.31046205753 539.337659002
 0.467168969901  0.966733732819 -0.390562487227 539.374868999
 0.640101364841  0.770889515041 -0.529186654603 539.394269001
 0.912313779432  0.475203441974 -0.722484084737 539.435068996
  1.26890863696 0.0830925279734 -0.957166953515 539.475469
  1.67846446994 -0.388565653627  -1.21103118893 539.495259001
    2.096400317 -0.909948187502  -1.45539296164 539.538869002
 2.47144918295 -1.44133662309 -1.65923408309 539.573869999
2.75425885351 -1.9384628632 -1.7943833531 539.596259999
 2.90649446206 -2.35930630179 -1.84070747238 539.639260002
 2.90848639723 -2.67101891076 -1.79015726407 539.671269998
 2.76358412585 -2.85545873283 -1.64867094059 539.69767
