 0.562617901299  -1.29357799584 -0.557686947444 1.5168710115 -0.627906662746  0.219182335886   9.25497029245  0.222464279247  -1.41296530956 0.0945310192572 527.115232998
 0.574114609989  -1.36382548422 -0.553687700086 1.57993594998 -1.30871272785  0.36879580271  8.95962480211 0.392460974087 -2.67843816851 0.206326638219 527.144032997
  0.58867730908   -1.4714262841 -0.543986859139 1.6755769116 -1.70325622191 0.516875602414  8.85179914749 0.360897830529 -3.42319672575 0.431890252282 527.181632996
 0.599373849203  -1.60341502357 -0.523459701263 1.79002759972 -2.22330240009 0.791853445154  8.73026648891 0.159970320011 -4.41721030121  0.92550273706 527.214022998
 0.598531481525  -1.74352645887 -0.486975886299 1.90663839283 -2.05712963338 0.890641593042   9.0037476908 -0.298345847229  -3.98125618469   1.36788512315 527.243233001
 0.579086330453  -1.87414045932 -0.430443507671 2.00823929169 -1.74867693733 0.939695787444  9.34001127878 -0.846579297619  -3.17562764104   1.82820952084 527.282023001
 0.535893078318  -1.97849115169 -0.351706661745 2.0797370518 -1.6942688225 1.15844321294 9.63321249324  -1.7598100045 -2.64486432286  2.80946088163 527.317223002
 0.466810454434  -2.04288279971 -0.251199907044 2.11054105078 -1.21930803306  1.11411817801  9.95992030755  -2.4920481676 -1.22859009828  3.36483157148 527.345823
 0.373386629097  -2.05860750619 -0.132286010886 2.0963735421 -0.653831486951  0.902724262771   10.1257498238 -2.8269599249 0.26985714513 3.43379130381 527.382432997
   0.261004940628    -2.02323692927 -0.00121646109544 2.04000312029 -0.247904212111  0.818194641366   10.1838418947 -3.54982083059  1.77687840407  4.01293123263 527.418624002
 0.13842043525 -1.94099414612 0.133333924008 1.95048620284 0.160559146186 0.621502776962  10.0294888517 -3.80511403049  3.13410700031  4.08718138133 527.448623998
0.0167166169676  -1.82202725746  0.261180586704 1.84072759285 0.400229923928 0.344555461387  9.71369605147 -3.13271108669  3.53750116107  3.24174251844 527.482824002
-0.0921784337907   -1.68059867894   0.371958596947 1.72373489294 0.564271926714 0.187043701466  9.30965472114 -2.8097441531 4.19640977593 2.83392337383 527.522234
-0.177183825943  -1.53243302046  0.456749637628 1.60883973778  0.620463867383 0.0711020703022   8.78447651056 -2.25452650265  4.73731455647  2.25983493727 527.551834002
-0.229682008971  -1.39166985619  0.509785933564 1.49979348976   0.360842074974 0.00691599091515    8.65162303487 -0.918484314372   3.59302397916  0.994180380025 527.583224001
-0.244784269596  -1.26798646297  0.529921311558 1.39589598658 0.0940317166299 0.0166876035723   8.44099466835 0.107055914949  3.18227269469 0.164358299717 527.625434
-0.222038216537   -1.1644555826  0.521521116328 1.2950837997 -0.325964274921  0.088214238831   8.14916120885   1.35794973203   3.27743528649 -0.607126851913 527.654624002
-0.165480003174  -1.07658423724   0.49446510248 1.19620775323 -0.630895170608  0.139609618829    8.7121434065  1.85282548459  2.28882897203 -0.77897514341 527.683834002
-0.0830577861417   -0.99277053278    0.46309019469 1.09861023799 -1.01963588714 0.205471537126  9.04865786377   2.46467867001   2.47154975482 -0.689857329101 527.729633997
 0.014441541033 -0.896161103834  0.444105517093 1.00027145938 -1.77082044499 0.308178260237  9.43584782662   3.62316958424   4.12327590404 -0.171092632963 527.756834002
 0.114767267629 -0.767639674712  0.453748537192 0.899071705102 -1.43906717841 0.191005842796  10.0449094586  2.48383294061  3.98348687127 0.786549127501 527.784233996
 0.205674316351 -0.589468476732  0.504662718874 0.802782329956 -1.53467521732 0.111775992811  10.5438156731 2.17123910198 5.62718839365 2.00747852472 527.833824999
 0.276309630227 -0.348971225409  0.603106948917 0.749577160639   -2.07206893336 -0.0326012461885    11.4689557739 2.21875516375 10.7846018484 4.77259904603 527.858634997
  0.318387085441 -0.0416106699177   0.747110764978 0.813188956623  -1.13085930323 -0.184259940726   11.2096283697 0.68591408533 9.13631253409 4.36406148308 527.884625002
0.327067273425 0.327115913889 0.926047504289 1.03515303345 -0.678768465411 -0.341946700199   11.2975177124 -0.227169268572   10.5225166767   5.03580844193 527.932634998
0.301483421642 0.741369727673  1.12182523844 1.37804687592 -0.157708899779 -0.662630023069   11.8270636938 -1.56883997303  16.2078820567  7.35685445434 527.959034996
0.24486006243 1.17640889656 1.31154666086 1.77877738509  0.589614150724 -0.593273530483   11.1710078851 -2.06793256859  12.9557688792  5.26089496542 527.985034996
0.164172691199  1.60163283067  1.47114868422 2.18093072973    1.1764107003 -0.516390072728   10.7279867455 -2.37861533934  10.9537074055  3.62801873148 528.025435
0.0693182467566    1.9847925198   1.57929444878 2.53739577558   2.15663339326 -0.509322591783   10.5019497434 -3.20577991936  11.5840555389  2.49297868351 528.058834997
-0.0281740917337    2.29667611881    1.62072739572 2.81109805332    2.6630122989 -0.289202929955   10.0633215598 -3.06057978924  8.72772914145 0.150289358876 528.085434996
-0.11676501216  2.51543847365  1.58843204218 2.97727747034    2.51562301763 -0.0147326205509    9.70670293649 -2.20680840495  4.63911236179 -1.90093040252 528.119635
-0.186622940783   2.62976439811   1.48424058801 3.02546839922  2.76789080491 0.247499073626  9.43755848937 -1.72220614581  1.87984265095 -4.07441836419 528.157234998
-0.231119502869   2.64026002854   1.31789065658 2.95993665905  2.71446817222 0.505766028824  9.24932714016 -0.964548151009  -1.11887101317  -5.98363269192 528.186035002
-0.247776261049   2.55882685359   1.10487227345 2.79816559246   2.1295222007 0.620072669232  9.23492677483 -0.104666696274  -3.35311632474  -6.50813191298 528.220636002
-0.238425342617   2.40620916619   0.86361656078 2.56759084737  1.79300744596 0.731037631587  9.20546566812 0.594761920408 -5.31096051574 -7.45813496564 528.255835998
-0.208521974302   2.20830345955  0.612635365721 2.30117528115  1.28287150728 0.681219255865  9.26402146958  1.07189362802  -6.1092349308 -7.30910870102 528.286636002
-0.165761672028   1.99206412143  0.368132071402 2.0325642961 0.861941944975 0.538445110371  9.32106945734  1.29590466217 -6.12793246127 -6.75696425096 528.323626
-0.118339972925   1.78186065879  0.142418244688 1.79145603154 0.653785239677 0.372685151886  9.28426312561  1.45863859188 -6.23234130774 -6.70158922331 528.356225998
-0.0732839830774    1.59693367301 -0.0567486955818 1.59962124036 0.493143150631 0.103815380776  9.26747429334  1.22896656673 -4.90505585248 -5.44901504836 528.387026001
-0.035249543245   1.45022983219 -0.225989663192 1.46815544965  0.517510531298 -0.139395591459   9.15537936789 0.983140866509 -3.63166130365 -4.51343876725 528.423835998
-0.0060273208169    1.34849173954   -0.36551302137 1.3971635799  0.714230385356 -0.364279238803   8.91467164315 0.790937862858 -2.46178545277 -3.94997848917 528.455435997
0.0152122948191   1.29316791279 -0.477998302855 1.37876649296 0.873013527594  -0.4570604264  8.77537663201  0.533658797547 -0.961435625671  -2.90160831877 528.487636002
0.0311105294589    1.2815844713 -0.567438850752 1.40193204952   1.15711014449 -0.503758166193   8.51788810875 0.444098445555 0.219315101062 -2.38339960044 528.525026999
0.0450561537813   1.30790610656 -0.638165135768 1.45598872972  1.48657533337 -0.46119603126  8.24986458926 0.460262201617  1.29839652375 -2.00498957841 528.554837
0.0602037045575   1.36365611933 -0.694174247816 1.53135899911   1.52489704178 -0.264737477813   8.32958894894 0.478560612541  1.84069867544 -1.42526124702 528.588237002
 0.078842532548   1.43785943121 -0.738788578382 1.61847596596    1.81401094321 -0.0695625703057    8.23422936694 0.646989897931  2.36112555873 -1.23725617567 528.625436999
0.102251576982  1.51710566559 -0.77458352468 1.70647139509  1.96360492369 0.167060794229   8.3648811939 0.825740349291  2.34311205005 -1.02372040758 528.653227
 0.131021067236   1.58592068737 -0.803477473436 1.78266289494  1.77705065045 0.332006227878  8.79534429083  0.898399382732   1.56710090529 -0.740525762562 528.688627001
 0.165687557473   1.62775866065 -0.826872048837 1.83323975769  1.97470105978 0.510619473699  9.07224679268   1.24846392091  0.666448222312 -0.690752879037 528.723837
 0.207439542035    1.6267139821 -0.845758456166 1.8451387236 1.66606337072  0.4882972886 9.58450199258   1.42538531603 -0.889299988282 -0.519604680009 528.749837
 0.258622675728   1.56977630412 -0.860750272388 1.80885996274  1.19371198539 0.331415108224  10.0331462836   1.58043153697  -2.43163206961 -0.360109713651 528.789036997
 0.322812620673   1.44920241552 -0.872046824463 1.72187725848 0.961504277824  0.15160589157  10.5785731696   2.52078648479  -5.28259430232 -0.322000597656 528.822837997
 0.404326656661   1.26443706808 -0.879362229102 1.59234389326   0.22272959878 -0.191304737411   10.8309687218   2.81116280831  -6.49750922172 -0.149747512764 528.846837997
 0.507196800423   1.02303075989 -0.881868764419 1.44275190095 -0.439837179794 -0.486914212664   10.9049392845  3.05186780532 -6.97241673241 0.015441921172 528.888428001
  0.63379660046  0.740181045932 -0.878201151032 1.31179395226 -1.45248011647 -1.04577877368  11.3947016412  4.84667564126 -10.2843386289 0.268663132316 528.922027999
 0.783457305729  0.436823471301 -0.866554966223 1.24721193246 -2.08630833651 -1.26240003484   11.305451966  5.15718177043 -9.79935032079 0.540731605058 528.945428
 0.951479009322  0.136541043742 -0.844892082922 1.27976497592 -2.15172828872 -1.15619756102  10.9889284529  4.53280244988 -7.54452797304 0.725802283638 528.983628001
  1.12890217348  -0.13814499395 -0.811241575301 1.39700288122 -2.95887566987 -1.43310623251  11.1933635379  5.65451819029 -8.13239961769  1.29937217541 529.021637999
  1.30324656648 -0.369375508487 -0.764058144362 1.55520890149 -2.70434582458   -1.179486438  11.0172575888 4.81507444309 -5.9386676497 1.57944823781 529.045837997
  1.46017928231 -0.546725312391 -0.702575540757 1.71015920141  -2.25994260694 -0.875719265487   10.9016419361  3.74750246802 -3.96853071044  1.81672850392 529.090437996
  1.58580826346 -0.668602735592 -0.627076809884 1.83167758954  -2.48769151773 -0.828152278124   11.2953269382  3.69110254633 -3.45057318192  2.88992624958 529.121238
  1.66909570702 -0.742027773734 -0.539005698912 1.90447180069  -1.48375189133 -0.388531233697   11.0613010958   1.6906624649 -1.60852131462  2.66770756106 529.147038002
  1.70381650545 -0.780877525193 -0.440870819069 1.9253902131 -0.900893909288 -0.132146295096   11.0347725987 0.278317743835 -0.82827873469  2.75894686431 529.191038002
  1.68958017047 -0.802989914478 -0.335944458774 1.90061375208 -0.641071191478 0.0613914155849   11.3954570046  -1.27019276672 -0.807077056517   3.75084482148 529.220638999
  1.63166829125 -0.826720305811 -0.227819097561 1.84328766554 -0.277021031599  0.172099872982   11.0120964657  -2.12229915249 -0.915367124965   3.05959624553 529.247838997
   1.5397458495  -0.86761483385 -0.119936962672 1.77142814022 -0.248805095851  0.230580831931   10.7889274325 -2.75235053426 -1.45821997117  2.84209151963 529.291238999
   1.42579246499  -0.935795162992 -0.0152306453883 1.70552886603 -0.566199539902  0.352784416035   10.7493658865 -4.06078727377 -2.84732665126  3.48030529339 529.322639
  1.30178370906  -1.03446817996 0.0840089328308 1.66487919721 -0.864534470649  0.355278811757   10.2676407405  -3.5854175783 -3.23605600031  2.76330032573 529.349839001
 1.17768156584 -1.15973024068 0.175989739261 1.66219147212  -1.3009667915 0.430502024264  9.88850057461 -3.38443182835 -3.74165660892  2.45194015778 529.391839001
 1.06016573976 -1.30158878321 0.259055390203 1.69858601535 -2.17319853597   0.6908775497  9.46442201337 -3.89923443893 -4.95141990624  2.68626775838 529.42123
0.952301927934 -1.44592724757 0.331258693765 1.76275831849 -2.13427735688 0.729443993676   9.2194147113 -2.90222937903 -3.87879802083  1.84530086711 529.449639997
0.854078441959 -1.57702221676  0.39009019816 1.8353799116 -2.26852466882 0.887637440198  9.01706893082 -2.58592413965 -3.20901096762  1.38771177278 529.492239996
 0.76352945982 -1.68018505555 0.432561656354 1.89554969427 -2.80346523668  1.30325179725  8.67641809899  -2.9940837509 -2.84234580985  1.11661551529 529.52264
0.678056248649 -1.74412373603 0.455736027882 1.92598629539 -2.12545065939  1.21064811253  8.83202658864  -2.3997556258 -1.17868725393 0.358121231329 529.551029999
0.595570559543 -1.76268137843 0.457626561936 1.91603027206 -1.58766260551  1.15736120041  8.94909134077  -2.16543801092  0.112046220188 -0.232892100621 529.592630001
0.515193650708 -1.73569673955 0.438220212441 1.86282168336 -1.30543131167  1.33375826451  8.87588075447  -2.55929479067   1.51826385523 -0.927863946816 529.626240002
0.437406144779 -1.66885267414 0.400284571219 1.7710508523 -0.562864756772    1.0600950131   9.06842170703 -2.26127076917  2.43559992345 -1.32234535682 529.65443
0.363711126713 -1.57253590588 0.349636299813 1.65148433269 0.0531756797666  0.724402930678   9.24298804646 -1.89013075074  2.79293708969 -1.41162929885 529.693229999
0.296005465046 -1.45991305301 0.294680584664 1.51848674827 0.616365775023 0.536573812765  9.23120839738 -2.00263541434   3.5721456991 -1.63619131315 529.729239999
0.235922962757 -1.34459729209 0.245230933619 1.38698944951  1.00171428525 0.214237241056  9.29277815903 -1.73297514122  3.43988515349  -1.3021538844 529.757039998
0.184401869917   -1.238384457  0.21082187749 1.26966372595    1.03741389278 -0.0632376016829    9.39496916472  -1.26399037047   2.61517464421 -0.621467028842 529.793639997
0.141640653947 -1.14952879382 0.198875084953 1.17517225209   1.17364771158 -0.295773647204   9.37185494528 -1.16237937879  2.36428987253 0.034971988794 529.831631001
0.107462815391 -1.08188974389 0.213136708432 1.10790835862  1.07149081865 -0.48040512958  9.38247952508 -0.956491376074   1.83471858252   0.86358278718 529.859830998
0.081955590621 -1.03504235147 0.252762652191 1.06860579566  0.624249353452 -0.472191583687   9.50022151926 -0.54237065883  1.00657044452  1.30122786643 529.894031002
0.0661287472795  -1.00517900993  0.312303284618 1.05465216769 0.336117466288 -0.55834380394  9.52037103334 -0.28650958063 0.708645251327  1.89351945074 529.936040998
0.0623010345506   -0.9864292901   0.38265807884 1.05988271454 -0.0606408312237  -0.649305125893    9.53855666203 0.134475463371 0.565466491998  2.40694166052 529.962630998
0.0739821140326 -0.972155768095  0.452868672084 1.0750117324 -0.388157586288 -0.468835319973    9.6527188779 0.561022701314 0.400057696419  1.69862388745 529.994440996
 0.105163169492 -0.955864881693   0.51243294554 1.08964420246 -0.760061553959 -0.465806441802   9.68772621733  1.20930069085 0.576570186456  1.43210170428 530.039030999
 0.159116883877 -0.931565226392  0.553688633497 1.09530957114  -1.32175768648 -0.525060037631   9.71207683011 2.35344540543 1.11101288675 1.09497783935 530.064840997
 0.236979651677 -0.893637047533  0.573762656661 1.08809471748  -1.16389618788 -0.335354592141   9.78311128255  2.27986995913  1.22234210323 0.282022208831 530.095041002
 0.336493054724 -0.836465784045  0.575630244375 1.06969750958  -1.42230413861 -0.322788798394   9.84307691205     2.9764294758    1.93686600771 -0.0803618822585 530.142642001
  0.45128555193 -0.754180757093  0.567976520734 1.04644378342  -2.05822030625 -0.403845055222    9.9752376426   4.44178985301    3.7063977687 -0.224455177304 530.167042002
 0.570975145132 -0.640805042442   0.56378125536 1.02688510685  -1.41006014551 -0.271907421131   10.0368107613  3.01446159447  3.43605954571 0.128411556094 530.195432001
 0.682193303882 -0.490978602942  0.577812845667 1.01995851731  -1.39570625233 -0.312560578115   10.2068175263  2.80899346165  4.78307705043 0.840620163626 530.243642
 0.770413679432 -0.301206574377  0.623465286535 1.03584342515   -1.5499636012 -0.489634648887   10.5812699271  2.6839481881 8.04007178508  2.5241230204 530.266432001
  0.822268566372 -0.0713672368494   0.709546832265 1.08842803387 -0.671575163856 -0.385101888408   10.4661715552 0.724006465768  6.23619551701  2.69803640293 530.295832002
0.827899792814 0.193947349674 0.837689376928 1.19363190876 -0.243088981546 -0.498918052874   10.6590287051 -0.541435624004   7.63879198838   4.00310886497 530.345832001
0.782852056249  0.48473677328   1.0009731332 1.36006407744 0.458935561971 -0.81883177776  11.1475345084 -2.75365705575   11.743417093  6.87297961934 530.368631996
0.689087951558 0.785932958742  1.18415625227 1.57948056348  0.858169477075 -0.574903491793   10.6981042296 -3.00719030011  7.83793443318  4.80957594596 530.396241997
0.554873944402  1.07893844146  1.36559190804 1.8267004445   1.43616123103 -0.575088406792   10.6513922993 -4.10503195862  7.75369203569  4.67218015197 530.444442999
0.393521524556  1.34420657857  1.52055791924 2.06732844559   2.56649185161 -0.639972027026   10.7140039197 -6.39314368552  9.30149307586  4.97791978337 530.468243002
0.221215759846   1.5643833878  1.62538955369 2.26674281683   2.27726324325 -0.283005227891    10.226672414 -5.01785982905   5.6679371576  2.08643673952 530.496633001
0.0543643805835   1.72730244894   1.66158017768 2.39736895843    2.31247016324 0.00970413197333    9.88877184725   -4.46326748387    3.74570569345 -0.0911440131555 530.535833002
-0.0929982754818    1.82808107236    1.61897301507 2.44368629531  2.64606889866 0.393609109228  9.51795881428 -4.32517481133  2.31954031137 -2.67436387163 530.567033002
-0.21124460392  1.86974541911  1.49734749274 2.40470824196 2.40665629349 0.74618462224 9.20814555383 -3.11707036568 0.522883037958 -4.79826637698 530.597243002
-0.296262420922   1.86217827307    1.3060780848 2.29375659265 2.20186947403 1.03807508983 8.99914407457  -2.01566596135 -0.730640697856  -6.34686551168 530.632242998
-0.349499125888   1.81963077593   1.06201600719 2.13566940308 2.27520949765 1.36001058492 8.81798235784 -1.23130937119 -1.59677456261 -7.92534769178 530.665832998
-0.377036318491   1.75742985811  0.786175258085 1.96183272173  2.3105194562 1.51165098825 8.80859943954 -0.575917227109  -1.95938846942  -8.41123283704 530.697843001
-0.387976155304   1.68872403409  0.500061549051 1.80343447711 2.46212864746 1.56722879884 8.89556206187 -0.229027123954  -2.00223219199  -8.33852319407 530.732642997
-0.39251855207  1.62207896193 0.222491090166 1.68366067177 2.78472305277 1.59353407632 9.01948222375 -0.184944397564  -1.95499864389  -8.11803694267 530.765443001
 -0.400108507502    1.56047612603 -0.0324816619999 1.61128135844 2.91217630473 1.44051669786 9.22195718997 -0.37410879734 -1.76805874842 -7.04170350283 530.798242996
-0.417954583741   1.50186687753 -0.256281380812 1.57986401251  3.0891050027 1.31119860339 9.36966592188 -0.748464569549  -1.78863899882  -6.18100263504 530.833434002
-0.450099204858   1.44101113796 -0.445317011406 1.57397891809 3.09084481147 1.14145083005  9.4593806153 -1.20994878422 -1.98534499116 -5.25028292965 530.865033996
-0.497097333533   1.37200546196  -0.59970238644 1.57770329877  2.59560549907 0.854657730286  9.49224555715 -1.51205049978 -2.13997933148 -3.93698266414 530.898844002
-0.556260277138   1.29076317963 -0.721732581677 1.57999778521  2.18610958536 0.657154707587  9.39328439445 -1.86983193941 -2.61573976976 -3.20778369727 530.935244001
-0.622357374013   1.19677705638 -0.814591814362 1.57580577727  1.53052734269 0.420478385629  9.20650118591 -2.06193155598 -3.06891804311  -2.4898031902 530.965834001
-0.688636284606   1.09373863892 -0.881577948387 1.56450114152 0.631676198482 0.134802133439  9.05478662719 -1.79992354956 -2.97735465319 -1.59433970088 530.999444002
 -0.74801003356  0.988927933742 -0.925892665827 1.54750596027 -0.118961704386 -0.116233489185   8.80294786806 -1.58133182686 -3.02615326994 -1.03710839345 531.035643999
-0.794253427537  0.891621880747 -0.950846411568 1.52641311046 -0.775768926867 -0.358803434705    8.5653713975  -1.16881372601   -2.7713094219 -0.534687259676 531.066233995
-0.823047871202  0.811009877313 -0.960219586266 1.50238692528  -1.08274163323 -0.498922040424    8.5294445172 -0.554212917595  -1.98020522635 -0.110616095154 531.099843996
-0.832716360899  0.754193648299 -0.958523279721 1.47681802353  -1.21105447589 -0.614831867383   8.40775738012 -0.0219624984097   -1.29495120022   0.138568392727 531.135635
 -0.82451037601  0.724777777482 -0.950992177949 1.45241395938  -1.03112461978 -0.636977056474   8.36018158667  0.469943943386 -0.492777554779  0.236100953171 531.166434999
-0.802357981081  0.722360217132 -0.943271157605 1.43364678002 -0.535756333533 -0.519319958505   8.48771855596 0.764457249278 0.265179689829 0.147503838241 531.200235002
-0.772060965601  0.742971755494  -0.94087193989 1.42594711379 0.0407201573649   -0.3976850913   8.50483662783   0.947083162731    0.87983112522 -0.0800325601755 531.235044997
-0.740030442846  0.780261899112 -0.948538099993 1.43393800936   0.67352963615 -0.239117794927   8.58942429075 0.916481763182   1.2777761951 -0.43742200715 531.266044997
-0.711756462787   0.82704943303 -0.969654309295 1.45973884874   1.18228157639 -0.114435829812   8.72352431023  0.725143790185   1.40731923653 -0.834644164274 531.300845001
-0.690292828335  0.876789929316  -1.00578634546 1.50228856805    1.65417160358 -0.0885706073713    8.76042720389 0.564366778677  1.50054319706 -1.33441526065 531.334635
-0.675078265621  0.924569735992   -1.0563779576 1.55772085135   1.80718519031 -0.172786434856    8.9054455072 0.433898153221  1.36023010785 -1.69357346335 531.365835001
-0.661390873739  0.967394852442  -1.11859526842 1.62004508053   1.78135731658 -0.378907676484    9.0774800146 0.515559711252  1.18542110632 -1.96014264912 531.401244997
-0.640638362062   1.00375704968    -1.187317444 1.68156725662   1.70533274398 -0.737614419003   9.28222912929 0.975040021025  1.06326943976 -2.22702818251 531.432636
-0.601532191147   1.03267002734  -1.25531475709 1.73322344252   1.15625572628 -0.979113658848   9.67738086074   1.5696013637 0.704566616975 -1.82605631718 531.462635998
-0.532006250123   1.05252010594  -1.31369880352 1.76539903986 0.699937596199 -1.28812441731  10.1219361279   2.6311730213 0.401477172986 -1.42424876204 531.501846001
-0.421559953478   1.06013106643  -1.35273337404 1.76959833116 0.190084672593 -1.80437958996  10.8475455867    4.75939596252 -0.0377771436015  -0.874683516711 531.531035999
-0.263576321468   1.05038947507   -1.3630309532 1.74087446588 -0.417133913526  -1.48033886364   11.2194004965   5.11773454217 -0.610874355261  0.220478546657 531.558246
-0.0571260911769    1.01663070532   -1.33703309735 1.6806126516  -1.0179239477 -1.37748007696  11.8330001248  6.41973035324 -1.38900685844  1.30311232057 531.602245996
0.192160337288 0.951783877974 -1.27052300936 1.59907687836 -2.22934687985 -1.53932417135  13.3513138351 10.1850765458 -3.2038118146 3.33188767804 531.629236
0.472396078846 0.850064516366 -1.16380824375 1.51664675041  -2.16637705364 -0.755378059711   12.7717237538  7.83042327283 -3.30991319952  3.38315018754 531.654236
0.766913417463 0.708836244079 -1.02219978043 1.46133411714 -2.64486276984 -0.38165646089    12.99223439  7.76829724321 -4.25323722049  4.09891751278 531.702636001
  1.05664971813  0.530178543031 -0.855528655709 1.45928996264   -4.50995551903 -0.0918108724904    14.6122426682 10.8161743681 -7.5299484089 6.72116603843 531.729446
  1.32297293439  0.321721601487 -0.676664638959 1.52040692172 -3.44373178005 0.170252787674  13.0513818584  6.70821661604 -5.89313050803  4.84043530406 531.754046001
  1.55037443804 0.0964441578722 -0.499272633948 1.63163584685 -3.36541430201 0.271034873096  12.5931979023  5.25344270521 -5.83448091699  4.42260881468 531.803045997
  1.72849142503  -0.12864780919 -0.335279046331 1.76540219331 -4.58635356969 0.380227270541  13.0966431672  5.58598557246 -7.95754308135  5.65827744819 531.831237
  1.85308460862 -0.334783096891 -0.192644893987 1.89291160487 -3.05010657319 0.191716574155  11.6446206732  2.73344811087 -5.20175371445  3.61871697079 531.857237002
   1.92584638594  -0.504214441264 -0.0740076713773 1.99213293744  -2.38741733281 0.0573673035252   10.9213310846  1.33804598529 -3.85233062522  2.88846798575 531.903437002
  1.95318382468 -0.622975939175 0.0234413871877 2.05026231796    -2.3382823484 -0.0723559065694    10.4520696105 0.331366074146  -3.2041787024   3.2394596423 531.932046999
  1.94433992489 -0.683039638729  0.106786555168 2.06359013856  -1.17782466422 -0.109828298245    9.7528379017 -0.610819740783 -0.842190357803   2.25325114098 531.959246997
  1.90933307377 -0.683436787339   0.18520229296 2.03640332896   -0.67700699578 -0.0762174088761    9.36561013017 -1.19404479262 0.724537927474  2.19911217599 532.003837001
  1.85718659182 -0.630155613185  0.267299759623 1.97931485499 -0.561042706776 0.0475472900424   8.98202686768 -2.03073663148  2.63331772672  3.07566558433 532.032237001
  1.79479953347 -0.534917674964  0.358669823259 1.90685246583 -0.472214726973  0.206716764481   9.16237455459 -1.81324435462  3.01304838889  2.67912173248 532.060236999
  1.72661487235 -0.413186009506  0.460223305971 1.8340466426 -0.743706902264  0.382064411314   9.34234575741 -1.90426921229  3.44707270929   2.8479038099 532.104246997
  1.65502426538 -0.281899084455  0.567708816242 1.77224877285 -1.52299638054 0.682531787607  9.56697391933 -2.54152356114   4.4721739531  3.71144418859 532.133638001
  1.58126258634 -0.157417887799  0.672484528117 1.72551650207  -1.7224960602 0.640949043759  9.93883150266 -2.09283805642  3.20942860504  2.75512756103 532.161438002
   1.50643275939 -0.0540296473755    0.76332287833 1.68965105212 -2.00264980076  0.61966502204   10.195808137 -1.98607717753  2.32358486499  2.08408391731 532.204638002
  1.43228694182 0.0168742075863  0.828811657967 1.6548895392 -2.77538728082 0.725171822141  10.4987219701 -2.47322557361  1.72469814086   1.6464537144 532.236447999
  1.36147701326 0.0470549073567  0.859821527377 1.61093975085 -2.25633306922  0.51380330726  10.3927613183 -1.96411585138 0.210787110199 0.330358042707 532.263248001
  1.29715576899 0.0313763610093  0.851540291683 1.55200464994 -1.71666158005   0.3663735417  10.1740798215  -1.59703030497  -1.06046845788 -0.736911110462 532.305248001
   1.24201915132 -0.0322681300568   0.804700578563 1.48026883558  -1.4757692466 0.353028765116  9.86860347224 -1.69057216524 -2.94329497969 -2.12387833211 532.338047997
  1.19707389939 -0.142866697297  0.725806697663 1.40719301312 -0.601392583852  0.255472439897   9.40509648057 -1.20535650472 -3.90173839758 -2.63826181338 532.364447999
  1.16053705344 -0.296025639779  0.626354084004 1.35159049655 0.0265997766761  0.221143607744   9.01755434238 -0.918427462003  -4.48515244001  -2.69255625802 532.405647996
 1.12728167799 -0.48369791705 0.521196654649 1.33280666614 0.533550217916 0.309087996458  8.32186045487 -1.18228999628 -6.59182037228 -3.31150991937 532.440438999
  1.08912555086 -0.694178207232  0.426335560732 1.3600881807 0.681750143183 0.323271152028  8.10590304415 -1.38638829031 -6.51780137092 -2.50300149881 532.466049
   1.0360434627 -0.912634434222  0.356474122575 1.42595984067 0.505861142163 0.293802100792    8.209406038 -1.68376276493 -5.50313875619 -1.33190984393 532.506249001
0.958128806467 -1.12232240666 0.322712973858 1.51055025 0.312888905196 0.351589415615  7.79335491651  -2.99624695253  -6.27154694811 -0.409681007022 532.543849001
0.847909120662 -1.30642485848 0.330750252707 1.59219707242 -0.10985061737 0.293505430758  7.89938702026 -4.07125763132 -5.22234519633  0.91078760059 532.569038999
0.702494536068 -1.45023346632 0.379901328133 1.65559678037 -0.391895963286   0.15440436145   8.47055408086 -4.02530709817 -2.95226537798  1.65071294594 532.606639001
0.525039228765 -1.54322607145 0.463153942018 1.6946163204 -0.685257982902 0.0774807472734   8.42983301761 -5.63244162516 -1.94490810725  2.81228865468 532.649249002
0.325120950144 -1.58054230848 0.568324666518 1.71079237422  -0.780458783079 -0.0267075167455     8.4565767945  -7.04581097104 -0.350085865259   3.75563387024 532.673639001
0.117861806297 -1.56345753393 0.680192026818 1.70907930159  -0.351398081886 -0.0799299780029    8.96829624207 -5.07863213355  1.03100261829  2.70725561472 532.707039002
-0.0781224412602   -1.49868070059   0.783280762327 1.69283067989 0.0343591542629 -0.118652016087   8.96293599147 -5.17781684692  2.39022451061   2.6445335827 532.753039001
-0.243601567244  -1.39659597033  0.864806905734 1.66063632747  0.715244337541 -0.131383600193   8.80673574723 -5.21559205423  4.22417704375  2.46156425675 532.776848998
-0.361902784239   -1.2688432444  0.917214463771 1.60692849145    0.91557992125 -0.0429551560298    9.16079479733 -2.23809014849  3.40185306279 0.941816364407 532.807448997
-0.421755780624  -1.12580506548  0.939776429934 1.52594060245   1.33039515488 0.0274739427916   9.13639096945 -0.796374205407   4.08687050768   0.30117876803 532.856449998
-0.419242527467 -0.974584460119  0.938899637784 1.4167256956  1.96729884594 0.154403054135  8.96855588247   1.22657558391   5.96680271362 -0.246991249207 532.879450002
-0.358464477687 -0.817918031802   0.92703168091 1.28719634319 1.09808378413 0.16971745973 9.36533184804   2.10566499495   4.00508682516 -0.231811377543 532.908050001
-0.250810393839 -0.654217582697  0.920357046721 1.15670376182 0.779772403194 0.246840966174  9.46719449044   3.3533142947  4.63482084607 0.118660217687 532.959439998
-0.113001876431 -0.478649152942  0.935717608664 1.05709123488 0.319362928662 0.427429157393  9.54426753836 5.84518567814 7.53511001804 1.36676333183 532.981249999
0.0356621464358  -0.28492185336  0.987342115319 1.02824933936 -0.343564361905  0.274713621228   9.79889761138 3.63493978437 5.16798396117 1.86298782813 533.008449996
  0.176302976015 -0.0673293165698    1.08399280735 1.10029831528 -0.841753086709  0.277981777418   9.94340580956 3.48881657111 6.26473424414 3.24794996212 533.060839998
0.293136814707 0.177415543417  1.22704082748 1.2739837752 -1.67370364022 0.345869804123  10.1892950057 4.14652958419 10.7526740737  6.7861619437 533.082249997
0.375377854393  0.44890654766  1.40979643087 1.52641789776 -0.984506176187  0.126659990339   10.1177094952 1.59845498408 7.22723446157 5.00244449153 533.108849996
0.418121611429 0.742520247046   1.6181869743 1.82884966113  -0.698137587579 0.00521656230333    10.1920814819 0.637862263272  8.18566126504  5.76148623983 533.160440999
0.422191207898  1.04966046671  1.83263770491 2.15373941527 -0.138199674969 -0.237992674724   10.4519688093 -0.512033278202   12.6256882506   8.45531160584 533.182241002
0.39313438589  1.3586538722 2.03080620647 2.47480682843  0.697588101567 -0.356641200497   10.3071379519 -1.16505906819  8.56424250951  5.05644441978 533.209241002
0.339693381068  1.65609443627  2.19068450916 2.76715359054   1.51968705993 -0.550532709516   10.3803903968 -1.69953907817  8.00090230006  3.68953682535 533.253050997
0.272110213983  1.92839809746   2.2935381111 3.00883370393  2.84174317989 -0.91436757726  10.6558756141 -2.45782369866  8.96171534731  2.39440512083 533.280450999
0.200580563473  2.16332751125  2.32620783534 3.18299566079   3.06294930276 -0.933437964493   10.6740566032  -2.11087116521   6.46593676365 -0.169598209537 533.309650996
0.134059239779   2.3512703618   2.2824463882 3.27963499631   3.07846114589 -0.902783666302   10.7129164854 -1.67248438781  4.45820012173 -2.25199901857 533.345850999
0.0794926937961   2.48610120007    2.1631631064 3.29640605664  3.54705934733 -0.98400135567   10.942364696 -1.43802823815  3.32699728352 -4.76374515165 533.382050996
0.0414502190475   2.56552899193   1.97566119316 3.23834746117   3.43948820243 -0.849076851315   11.0228818725 -0.897361675213   1.63815487733   -6.7359067429 533.410251001
0.022069619962  2.59092837407  1.73212567643 3.11667391086    2.8930667182 -0.544342305911   10.9243315259  -0.28809538693 0.0174812363531  -7.52037744263 533.446041999
0.0212256352293   2.56675619218   1.44772318779 2.94696289528     2.826936163 -0.242339473027   10.9540066968 0.228091367774  -1.4070619567 -9.15654188318 533.480451999
0.0368522218207   2.49973668673   1.13869018441 2.74711793072  2.46735161389 0.175708996348  10.7861268222 0.659001847762 -2.51834567478 -9.35828677155 533.510852001
0.065378760035  2.39802702813 0.820717959815 2.53542619286  2.22625739197 0.616033815818  10.5789750841 0.956215447381 -3.35092128191 -9.22333958753 533.547452001
0.102257354044  2.27053368638  0.50781379884 2.32887411462 2.25959558064 1.13632693024 10.3830141417  1.20592110472 -4.24336424525 -9.51642189396 533.579251996
0.142557710737  2.12645171643 0.211666958602 2.14171018221 2.00563380964 1.43123043138 10.0757886593  1.13028417062 -4.21072098697 -8.06941915814 533.611452001
 0.181592005595   1.97498315939 -0.058578771952 1.98417882483 2.00024472111 1.76970841807 9.80251664482  1.05748677857 -4.36793528832 -7.36305991971 533.649442001
 0.215513724002   1.82510785919 -0.296310548128 1.86152217388 2.13758202943 2.15671003706 9.48833646781 0.965190431894 -4.64288607496 -7.03153842629 533.680442001
 0.241819890018   1.68526706123 -0.497346780482 1.77368422977 1.76892745117 1.91950402098 9.25232289806 0.625590151033 -3.71424785613 -5.14917820048 533.711842002
 0.259680388517   1.56288196143 -0.659842527862 1.71622437085 1.59794189194 1.76608922111 8.98411964308  0.40285823636 -3.16427986822 -4.09734720613 533.751042001
 0.270023994988   1.46373582889 -0.784202056787 1.6823817642 1.55052184203 1.61646074659 8.59227386409 0.254850678732 -2.79323240378   -3.469954953 533.781852002
 0.275330768659   1.39134955994 -0.872932460996 1.66543439125  1.06831288953 0.896113088142  8.56607893975 0.126298182015 -1.62782179876 -2.02983618865 533.812452001
0.279117590102  1.34653103528 -0.93035228756 1.66030353762 0.851430227244 0.334331147203  8.35611798521  0.140803042431 -0.918212234651  -1.27749383061 533.853853
 0.285158961394   1.32725743055 -0.962102803967 1.66390195793   0.76189766602 -0.321297154264    7.9461088329  0.295527044299 -0.297701203274 -0.747941063102 533.882252997
0.296553684589  1.32896666542 -0.97448080743 1.67442806047  0.474118874691 -0.766072170408     8.251565942  0.402938780845  0.244091142696 -0.157463074758 533.912852996
0.314815255971  1.34522253884 -0.97369208639 1.690209633 0.428357580091 -1.20445490532  8.13809312911 0.616472577999 0.573080141246 0.134378617721 533.955852998
 0.339207422825   1.36861808092 -0.965183150747 1.7087292476 0.496274269914 -1.66104035231  7.84394269377  0.89805312441 0.807341616831 0.355388853936 533.982042997
 0.366543117993   1.39172541781 -0.953221687589 1.72623436463 0.412627255588 -1.24222277437  8.34660389537 0.709932427425 0.532309673041 0.329688468466 534.013453001
  0.39160043651    1.4079025352 -0.940852141522 1.73802853909  0.50352355468 -1.08682374154  8.30309027334 0.623388827981 0.300851916101 0.343785200685 534.055842998
   0.4081854898   1.41182232489 -0.930256837233 1.73932040015  0.630190995054 -0.736693426584   8.22534589982  0.329476911239 -0.141843466092  0.300438621921 534.080252997
 0.410710098619   1.39967561362 -0.923426700305 1.72640999746  0.511409928477 -0.118524866779   8.69874210017 -0.164809702929 -0.577491505263  0.099099618945 534.113843001
 0.395989571241    1.3690879516 -0.922923465105 1.69793912794 0.575037872701 0.335679415342  8.67687949887 -0.723273625428  -1.27461022516 -0.142100162017 534.154253001
 0.364847318522   1.31885258011 -0.932437271482 1.65587588881 0.537904149951 0.675275711263  8.77759046803  -1.23995121745  -2.04905554015 -0.576887061923 534.177253001
 0.323080440601    1.2486034874 -0.956844423906 1.60590874318 0.305276760355 0.544716398494   9.1596567221  -1.11846799915  -2.14931567164 -0.926791998739 534.213053
0.281419673533   1.1585329778 -1.00156761219 1.5570913188 0.158188119092 0.357506755586  9.22941112601 -1.14638021161  -3.3236969502 -1.90665769793 534.251843999
0.254307945151  1.04921158316 -1.07122672615 1.52086954602 -0.145206931363 -0.282795593508   9.47942367473 -0.410818607021  -4.08652496223  -2.86615426284 534.273044
0.257592194326  0.92151452999 -1.16780455943 1.50973847291 -0.402348846042 -0.877549373055   9.79613899976 0.666634021085 -3.54895790003  -2.8322974217 534.309843999
  0.3055121037 0.776616130106 -1.28877548852 1.53538676524 -0.946250326213  -2.02014413019   10.1369418888  2.46723467526 -5.02504668197 -4.24306828487 534.349853999
0.407600064464 0.615991687892 -1.42578311439 1.6057524907 -1.54487210034 -3.04400046057  10.5848816713  4.60591291428 -5.92310356412 -4.87041813279 534.370644
0.566206785191  0.44136845482 -1.56444116598 1.7212996248 -1.54524269907 -2.66568638005  10.7269389464  4.76222200865 -4.68075416223 -3.36557652859 534.406454002
0.775291227529  0.25459065728 -1.68563927942 1.8727713877 -2.43457741291 -3.47037954186  11.4211656721  7.30954988226 -6.17306315607 -3.27876503338 534.447854001
  1.02086077498 0.0574039373947  -1.76838034528 2.04269943445 -2.67452705119 -2.92530976883  11.7383132652  7.46728974072 -5.93201371122 -1.58963300665 534.468654
   1.2830669299 -0.148786275083  -1.79373432387 2.21040288791 -2.69640356689  -2.0211076043  11.9029379401  6.70213691936 -5.43328607772 0.249312673456 534.515854001
  1.53954585336 -0.363083505491  -1.74908578817 2.35824768863 -4.41058195994 -1.81058917801  13.4630168303  9.31557413889 -8.35950566172  3.10626399694 534.546045
 1.76925607052 -0.58507724471 -1.63161529602 2.47684292993  -3.50430434964 -0.327820538719   12.8759990825  5.94808436554 -6.44930130606  4.27272144306 534.568045002
  1.95591174761 -0.814534584614   -1.4499952953 2.56740018508 -3.27719853813 0.603184715335  12.7958601073 4.14654366295 -6.0169909701 5.27108411396 534.616044998
 2.09019854529 -1.05079233891 -1.22363339164 2.64014643066 -4.75343552166  1.92067466835  14.2232931327  3.98454434225 -8.87397191316  8.74724288821 534.645445001
  2.17028024234  -1.29195429385 -0.979393607897 2.70896180609 -3.55923258183  1.95121649294  13.0690400195  1.55458783896 -6.80735095579  6.72143456452 534.669845
  2.20057428482  -1.53411426975 -0.746411524735 2.78445038381 -3.26288704025  1.96385205785  12.6161773746 0.251632894485 -6.35102035481  5.69166451386 534.716445002
  2.18925587872  -1.77088473391 -0.550185191296 2.86907263554 -4.26319464089  2.38868490934  13.0102202191 -0.994065453934  -8.26037838928   6.09652795724 534.745254999
  2.14529430683  -1.99347389616 -0.407383616712 2.95671900064  -3.152560101 1.37051734541 11.6457302279 -1.57847063324 -5.85705794819  3.16873461217 534.772055001
  2.07592168544  -2.19142150129 -0.322670042516 3.03576925947 -2.89215427472 0.732842513584  10.8412034539 -2.16885625503 -4.88464936709  1.61354595934 534.817055001
  1.98525223572  -2.35391705578 -0.288318447428 3.09277860056 -3.43987350335 0.189830562333  10.0759856468 -3.52417855209 -4.89635732418 0.629610011294 534.845846
  1.87437038581  -2.47144907866 -0.286662015634 3.11504414139  -2.43177055993 -0.290385857132   9.17456307207   -3.38729656494   -2.56301391899 -0.0887888237334 534.874246002
  1.74272179392  -2.53742885825 -0.294675727411 3.09232246798   -1.9179151278 -0.442048449146   8.46700974553   -3.79813905957   -1.04234370758 -0.0376626285965 534.917446002
  1.59023161438  -2.54942680824 -0.289479556764 3.01864407503  -1.71697942949 -0.371277467243   7.41326923214 -5.35264588304 0.458214787651 0.683383391171 534.949055999
  1.41936847046  -2.50974810415 -0.253392538581 2.89441707082 -0.806917695051  0.141326370081   7.26658611805 -5.14251000775  1.80527060451  1.62921960967 534.977856
  1.23642693958  -2.42522419547 -0.177389251969 2.7279902716 -0.0221748248145    0.74448278528    7.34746340314 -4.7770558244 2.64299636783 2.48190783619 535.017855996
   1.05158293704   -2.30626381075 -0.0623104514118 2.53546091088 0.825143318832  1.73182483843  6.85362677272 -5.60542530115  4.06054044749  4.05627695662 535.054846001
 0.877679701875  -2.16534959348 0.0822124865945 2.33790919712 1.60508656256 2.51034576407 7.03124167902 -5.10160166598  4.58932275541  4.77738865924 535.081855999
0.728090395636 -2.01525487303 0.240623744518 2.15621604064 1.77817697198 2.45940937073 7.83514762348 -3.37760416737  3.82189234161  4.01403523182 535.118255997
0.614256974742 -1.86727638728 0.395271108972 2.00506159185 2.33704496273 2.96976094005  7.9398759938 -2.72971359637  4.22355292386  4.28487934309 535.159846999
0.543559014312 -1.72973845249 0.530285892605 1.88908831026 2.65747072339 3.09744962697 8.16386455772 -1.63658263428  4.42742431576  4.07266360263 535.185857002
0.518025910852   -1.606943824 0.634743741235 1.80375134507 1.68220353097 1.73254369434 8.95233346332 -0.119254716192   2.92508345549   2.20661919453 535.218647002
0.534137892034  -1.4986568669 0.704608803399 1.74004288977 1.30890671937 1.02394894044 9.21431955693 0.951131738846  2.99682445681  1.57264414267 535.264856999
0.583663511779  -1.4001329694 0.743271912908 1.68922720896  0.622568834278 -0.129182569369   9.47746980721 2.23444496932 3.61604889988 1.03597433189 535.287657002
0.655244802552 -1.30266702756 0.760758609025 1.644700823 -0.356923883648  -1.01677979984   9.81760928103  1.83922385454  2.47609149383 0.344530620385 535.319056996
  0.7363190889 -1.19461737919 0.771867953874 1.60157941469 -1.24555174533 -2.03681275479   10.001284754  2.17600907759  3.26724636703 0.447543926221 535.370657001
0.814963868847 -1.06285114422  0.79360833321 1.55680212257  -2.9345032091 -3.93571043642  10.2481370748 2.97170174232 6.14927430141 1.44410492207 535.392456996
 0.881338120322 -0.894532821433   0.84234026746 1.51211209146 -2.18526301803 -2.52869305938  10.0812236995  1.3987304088 4.72615713298 1.69264368251 535.419456996
 0.928528197483 -0.679129693355  0.931035776136 1.47993559669 -2.52544844665 -2.50945246289  10.0233716187 0.957432805128  6.48998540524  3.01223769921 535.473648002
 0.952753993984 -0.410438297736   1.06702610005 1.48820175631 -3.72812431974 -3.03484793802   9.8977243753 0.527982772304  12.7320674845  6.88579411917 535.494047999
   0.95302659691 -0.0883617912172    1.25053660751 1.57477277957  -1.61418570141 -0.910643278985    9.6730892405 -0.273946294142   8.47960947279   5.00159342292 535.520047999
0.930452025802 0.279886721089  1.47420582748 1.76560481726 -0.895603036412 0.0179910507457   9.46370429241 -0.872335791163   10.2107406001   6.29163751434 535.575458001
0.887426946746 0.679485886329  1.72366773898 2.0543266853 0.269730238059   1.6171107852  9.00379014564 -2.31015122162  18.0577705533  11.2711866849 535.595247998
0.826957252836   1.0888748281  1.97915498236 2.40552720489 1.20614925076 1.57361836386 9.34949364792 -1.68107540496  9.97894577979  6.14713825652 535.620258
0.75225167024 1.48189293543 2.21795913786 2.77150356029 2.30771421148 2.01947823566  9.4719692209 -2.10409676366  9.73993399306   5.7520358572 535.675658
0.666625081549  1.83105778863  2.41746010893 3.10504025786 5.27220488494 3.32282400354 9.77284609404 -3.97024797967   13.996004659  7.56515291418 535.696457999
0.573630206971  2.11157320853  2.55831538017 3.36641806877 5.18150326699 2.17784110708 10.4379978448 -3.61383720666  9.05260640572  4.00473330482 535.720648001
0.477260008306  2.30541437334   2.6273081381 3.52781243845  3.65019985455 0.724667937213   10.783824866 -2.56092168338  3.91828228921 0.815675134672 535.748858
0.382047663436  2.40469989496  2.61933603458 3.57623590721   3.33377570615 -0.265973382365   11.3450529833 -2.54592796955  1.49417899787  -1.2318670277 535.795457998
0.292934819426  2.41359293507  2.53812096342 3.51472611872  3.29152732558 -1.68320521661  12.3521430229 -3.02918243361 -1.02381151859 -4.05669907911 535.821258002
0.214864049503  2.34819471133  2.39544274734 3.36129899264  1.42792175255 -2.09705834085  11.9155693484 -1.92349396893 -2.45006104778 -4.49667870372 535.850649001
0.152152383059  2.23427053057  2.20900457746 3.14560270452 0.339534478217 -2.68295258334  11.9082297177 -1.50805597135 -3.45204042653 -5.57887006892 535.894448996
0.10779207266 2.10309983446 1.99934296181 2.90379412555 -0.742048261022  -3.32232546861    11.904698941  -1.1623490584  -4.1629130848 -7.09055071396 535.921649002
0.0828763760741    1.9861608996   1.78640773597 2.67263095319 -1.21139644407 -2.44736390014  10.9975731935 -0.438020083692  -2.69436851703  -5.74998337165 535.954048999
0.0763422333248   1.90964419139   1.58649419082 2.48385444255 -1.39573106191 -1.88604652207  10.3480482241 0.0333780233468  -1.41199832831  -5.51774335277 535.993448996
0.0851527572918   1.88986261253    1.4100976351 2.35949295969 -1.04997281581  -1.0406339846  9.60679345961 0.452271237165 0.329486502876 -5.14988186379 536.022248999
0.104925776549  1.93046773912  1.26102164524 2.30822241133 -0.0719894244053  0.0261236329356    9.02613455359 0.647674574382  1.87165492104 -3.87082258814 536.056648999
0.130885060372   2.0220201705  1.13677884389 2.32335158959  1.17791881947 0.961925588676  8.53110418749 0.817834001815  3.23454535025 -3.49894438128 536.092859002
0.158910997636  2.14398007226  1.03005633251 2.38388743517 2.53922948048 1.68356037253 8.34474645475 0.844153314493  3.74875157341 -3.12976647815 536.122658997
0.186431189843  2.26869176045 0.930837090152 2.45930408467 3.60491524105 2.03061605959  8.4793348313 0.789739617125  3.25386129634 -2.94373147768 536.158659998
0.212929976397  2.36654743554 0.828702158646 2.51647237363   4.671925617 2.27640425086 8.70902566841 0.828532575027  2.20782031465 -3.34296386892 536.191059996
0.239954396086  2.41131695783 0.714881616569 2.52647646121  4.7355088972 2.02369830219 9.19258216922 0.846000942951 0.265613092773 -3.59227138591 536.223260001
0.270618784899  2.38465959366 0.583745154996 2.46993811873 4.71390950978 1.79801755977 9.64585841671  1.05814751445 -2.03493335275 -4.32834340875 536.259250001
0.308723403463  2.27906663844 0.433582576747 2.34039499512 3.95242177711 1.38916674162  10.064486964  1.34765354253 -4.42435143233 -4.90816098953 536.288250001
0.357677201691  2.09884649788 0.266677962561 2.14574153569   2.3853657339 0.831944511577  10.2589918443  1.47625398479 -5.59879673266 -4.59715355184 536.323849999
 0.419442448944   1.85915689631 0.0887960708814 1.90795206315   1.3701929443 0.595433906935   10.381390688  2.06700498861 -7.83202835019 -5.44626465215 536.363249999
0.493706798098  1.58342071932 -0.09174070921 1.66113934834 0.0615536441605  0.369102114358    10.257545761  2.58140201417 -9.14037348869 -5.78331808306 536.389659998
 0.577450073715   1.29967460857 -0.265200845749 1.44669767553 -0.886632844337   0.17544777742   9.87425221633  2.27808517014 -7.27317012068 -4.38730563152 536.424460002
 0.665018808107    1.0364783096 -0.421666102742 1.30166800822 -1.69214797051  0.15282230817   9.4109729299  2.61932448916 -7.35007899287 -4.38871548168 536.464860001
 0.748753883316  0.818979476078 -0.552222818161 1.23947964925 -2.03856999767  0.18271805782  8.81106584458  2.58525436885 -6.18091988514 -3.80645135188 536.489859997
 0.820134060376  0.665623140071 -0.650053169334 1.24025931343 -1.33502304056 0.179825782229  8.61017628375  1.62120702831 -3.08399118414 -2.10535485214 536.524859997
 0.871302547751  0.585857490948 -0.711368701929 1.26824388802 -0.775665026406  0.235386859116   8.08484627321   1.1714239374 -1.32378956466 -1.31588938731 536.565450999
 0.896746357306  0.579045978752 -0.736113651154 1.29665399481 0.333227335917 0.238416687208  7.76786535882  0.393276438001  0.816131389475 -0.283776777509 536.590260997
0.894820479944  0.63466215053 -0.72833855409 1.31680552323  1.33001658466 0.115611161029  8.26209134555 -0.371928337341   2.05680520521  0.531724815056 536.625251002
 0.868777345575  0.733717734404 -0.696127943971 1.33330788055    2.78779055069 -0.0317656877681    8.30177090489 -1.06620779445  3.40495958669  1.21610563878 536.665460999
 0.826999004182  0.851251623316 -0.650982076738 1.35363744901   3.98770362643 -0.295554400635   8.75589579158 -1.43767348314  3.75260791726  1.48718273596 536.688861001
 0.782243775115  0.959587214106 -0.606614411463 1.37865658863   3.64834767771 -0.494940429749   9.49866064656 -1.01193633123  2.37178177463 0.968000580117 536.725651001
 0.749899577027   1.03195767222 -0.577230114377 1.4001716387   4.63827140106 -0.983021090686   10.0899023365 -0.601091853396   1.41211696518  0.508733619752 536.765050999
 0.745450943635   1.04602289151 -0.575474827331 1.40749148339  4.1533746526 -1.3566866682 10.6716630177  0.517392037362 -0.738037512813 -0.541152850383 536.786861
 0.781569145134  0.986782393922 -0.610354081918 1.39897173913  2.42246246879 -1.32931870862  10.8028121447   1.5337198918 -2.52686755089 -1.40696966694 536.826261002
 0.865374034395  0.848444592979 -0.685487191366 1.39234447472   1.5902790952 -2.03637954187  11.3012989466  3.63029820383 -5.94400969132 -3.17102251456 536.865051999
 0.99645012304  0.63495052132 -0.79805007289 1.42581868801 -0.396204323591  -2.24070637212   11.2459093995  5.14952629537  -8.3799390974 -4.33536066084 536.885452001
  1.16610635826  0.359056168871 -0.938672244036 1.53942552691 -1.90482754498  -1.6861203238  10.6502020233  4.56698891349 -7.51048761909 -3.71651374378 536.923451997
 1.35815563802 0.040119913349 -1.09239795573 1.7434246867 -4.43139891236 -2.05700892929   10.471429668  6.19009554848 -10.5783903316 -4.85385542269 536.964651999
  1.55119220611 -0.299025500114  -1.24063059284 2.00867562785 -7.21540309452 -2.14793586727  10.0782573823  6.83831267434 -12.6984189491  -5.1004273328 536.985661997
 1.72202227525 -0.63556299575 -1.36379170889 2.28675072171 -6.03498614942 -1.21607512059   9.7193543987  3.88637587454 -8.47625374209 -2.65201255035 537.017862002
  1.84962702585 -0.949917060606  -1.44427864774 2.53167994997  -7.49557713829 -0.989547548658   9.56670350658  2.92110840438  -8.7932806316 -1.56455188961 537.062452002
  1.9188757673 -1.22814216752 -1.46922685895 2.71091220017  -7.73768258731 -0.553239837128   9.65369453741  1.12839539048 -7.86934673436 0.179207250924 537.085252001
 1.92320968393 -1.46307712393 -1.43259254375 2.80920835029   -6.16974666701 -0.0494863597533    9.97238918684 -0.709009734105  -5.67986342618   1.77403316466 537.127661997
 1.86569932931 -1.65413759568 -1.33617260028 2.82884470952 -6.68069265047 0.486410078398  10.6331247824 -2.85501201873  -5.9324651727  4.20882362522 537.160252999
 1.75821567521 -1.80592023774 -1.18936040414 2.7869783703 -4.21499660496 0.841772240504   11.130240651 -3.64046844541  -4.0104889085  4.84520189686 537.185453
  1.6188755576 -1.92604875592 -1.00766789689 2.71031667367 -2.43797149048  1.12138664231  11.6011300968 -4.01453483385 -3.00390960041  5.24969022369 537.228053002
 1.46832612101 -2.02283254537 -0.81028028114 2.62762007114 -1.28968471055   1.7539113599  12.6383788992 -5.25291818459 -3.17580489377  6.99825718694 537.257662999
  1.32571021981  -2.10329041126 -0.617095198045 2.56166832835 0.182240863491   1.5014898376  12.1729027464 -3.71615053822 -2.10580597663  5.14820540755 537.283862997
  1.20522267283  -2.17192360289 -0.445787352033 2.52359667759 0.929685421937  1.42399721131   11.879704553  -2.8613414266 -1.71744604386  4.15846795852 537.328462996
  1.11399955891   -2.2303642493 -0.309410141069 2.51222099689   1.575857063 1.64386899507 11.8054432872 -2.65614687827 -1.83154388152  3.99512511732 537.357853001
  1.05172393357  -2.27776853151 -0.214909054706 2.51804261627 1.13849078323  1.0723151346 10.6340391669 -1.43801956028 -1.14477328939  2.06579812807 537.386253
  1.01188579509  -2.31165459648 -0.162717823402 2.52866307083 0.609576755254  0.69768005347   9.6916598406 -0.927068596744 -0.701646956283  0.927414841238 537.428862997
 0.984232413009   -2.3288491313 -0.147392327203 2.5325829142 -0.140279739409    0.3694752383   8.54398403872  -0.91235797979 -0.246461781621 0.0615980065486 537.459054
 0.957699940777  -2.32629220857 -0.159059456092 2.52073888508  -0.930885751144 -0.0941496517717    7.95773618716 -0.868561919132   0.38709731423 -0.539167938472 537.488253999
 0.923085654233  -2.30159748053 -0.185349749866 2.48672326913  -1.56524238749 -0.416668558075   7.56941816296  -1.11893648669  0.984953562517 -0.734916242234 537.529453999
 0.874887451568  -2.25339579555 -0.213450607067 2.426681237   -2.3967746143 -0.749329514831   6.98001848402  -1.77379103475   1.91744428232 -0.744266036425 537.562263998
 0.812028593758  -2.18154628992 -0.231948247996 2.33930216985  -2.40328858352 -0.771096530673   7.36785406305  -2.03266528549   2.45786741478 -0.277396747818 537.592064002
 0.737499596858  -2.08726852724 -0.232199854353 2.22587338645  -2.03247485617 -0.609837599881   8.00236431481 -2.08108063095  2.80075224348 0.307460600898 537.629854002
 0.657196196897   -1.9731703258 -0.209073179597 2.09021998131  -1.80622400679 -0.421838201603   8.38515669279 -2.42551986663   3.7217948853  1.08523178691 537.666464001
 0.578361243054  -1.84308157194 -0.160997798893 1.93839410326    -1.0911687438 -0.0334107889365    9.00950849751 -2.33783018148   4.2565009195  1.87601416689 537.695464001
  0.508042642019   -1.70160558662 -0.0893834843366 1.77807713719 -0.156584831257  0.345178899944   9.61194856492 -1.64701930339  3.77267829479  2.12826116799 537.730263996
  0.451886631752   -1.55337760799 0.00243137489813 1.61777298548 0.671945071021 0.772611604526  9.93894678065 -1.38713529089  4.39096059715  2.93011050399 537.772254
0.413440010948  -1.4021420605 0.110450060977 1.46599257039  1.6393017746 1.21979310975 10.1363199053 -0.991354452767   5.19616610646   3.91672410574 537.798463999
0.393981622099 -1.24986956632 0.231207214376 1.33073371767  1.66627365279 0.999479400691  10.0268195601 -0.262906011894   3.89310720147   3.20826340363 537.830663996
0.392777964665 -1.09617887388 0.362590688934 1.21957150704  2.0816759038   1.040486916 9.90401679136 0.192663944837  4.41396512062  3.86567817922 537.877054999
 0.407581963292 -0.938283339304  0.504089316028 1.1404405816 2.63285248282   1.067826192 9.67806706934 0.785140740415  6.01151755517  5.44091579432 537.901254999
 0.435175567642 -0.771556902971  0.656400162583 1.1025148537  1.49660205691 0.449155573598  9.56309957236 0.812792354081  4.40043057505   4.0051640846 537.931055002
 0.471792561125 -0.590649313803  0.820497287879 1.11564807715  1.10018112047 0.177014518398  9.43458086161 1.07954963576 5.25734347596 4.69636217977 537.980255002
 0.513334961272 -0.390925235311  0.996416784399 1.187089605   0.649077557405 -0.0832310881293    9.24697590448 1.63283671491 8.21772264386 7.06264829834 538.003455002
 0.555393802174 -0.169901908167   1.18210488614 1.31708044391 -0.165781498184 -0.140901241086   9.49087992971  1.0157851532 5.88528186511 4.78701821495 538.031455002
 0.593175670198 0.0716578954405    1.3726763967 1.49707472083  -0.699763278813 -0.0774401755259    9.56465322208 0.902973616953  6.81933820288  5.16707837188 538.082054998
0.621491465899 0.329273610248  1.56033499414 1.71152506454 -1.50228156785 0.211061386789  9.61065565005 0.838910064202  10.5075210775  7.27491404392 538.104654997
0.634961778447 0.595037494658  1.73503984747 1.9410330632 -1.05301672331 0.432694079487  9.77047106889 0.0928198921614   6.98275796943   4.29326364539 538.131864996
0.628528235176 0.858643507223  1.88581162438 2.16531796685 -0.89066262525 0.740627915504  9.83673507641 -0.500186635079   7.00169164978   3.64259340923 538.180466002
0.598247578746  1.10896867044  2.00240984994 2.36587338728 -0.654098675603   1.31076649237   9.91414211678  -1.666516638 9.21522651256   3.692109442 538.205265997
0.542219336968  1.33590009674  2.07702597576 2.52837255598 0.164923195288  1.17251035743   9.9620196899 -2.37619897297  7.34632305827   1.7924990494 538.232256002
0.461402274091  1.53204343331  2.10563987457 2.6445733912 0.787754823848 0.688775109074  9.99849334056 -2.48190571773  4.87825940299 0.159991658712 538.262855999
0.360047457287  1.69396433692  2.08876936351 2.7133202539  1.48596044814 0.261714638369  10.1245271214 -3.09265026023  4.16413110453 -1.06260742483 538.305656002
0.245535276489  1.82269979711  2.03146987307 2.74032698187   2.45944517518 -0.422350635542   10.3924895158 -4.06409074409  4.01067776645 -2.55533422551 538.332656002
0.127540839804  1.92341519814  1.94257870126 2.73667767573   2.29394670262 -0.961132002407   10.4636496417 -3.19654165024  2.53527791484   -2.767049575 538.362865999
0.0166309350386   2.00425104373   1.83332145831 2.71631485727 2.45099601448 -1.5195971547 10.6642004866 -2.91160162751  2.14706393576 -3.22557301009 538.404266001
-0.077435919216   2.07456850249   1.71549835643 2.69309587725 2.74652330323 -2.1644897678 10.9736175881 -2.70561446625  2.28845393105 -3.85773203493 538.433266001
-0.147329296456   2.14293134759   1.59954290435 2.67813333965  2.11889964443 -1.94628731448  10.8812841941 -1.58902121874  1.99795397527 -3.16348238583 538.464865999
-0.18930300271   2.2152244494  1.49278921698 2.67796090979  1.81875966913 -1.80019267715  10.8722853071 -0.815579515125   2.17910741592   -2.9168294092 538.503665994
-0.203604284555   2.29328976345   1.39828166955 2.69366372646  1.54860304349 -1.48333614616  10.7949936335 -0.0728187940624    2.44860900285   -2.74492011232 538.533866001
-0.1940355694 2.37436201207 1.31439409719 2.72082278167   1.13658578653 -0.861271087359    10.510349817 0.527595908828  2.26588586699 -2.33402924784 538.568657
-0.166782840691    2.4514281945   1.23538744409 2.75018160232  0.989301886633 -0.349439964438   10.2716384448 0.994295968737  2.13549323323 -2.46271379803 538.603656996
-0.128809751575   2.51445037305    1.1528400664 2.76913214733 0.86965038217 0.12493357145 9.97386962605  1.18808728484  1.48634964865 -2.62072092923 538.634257002
-0.0862186387437    2.55221756813     1.0576763509 2.7640418651 0.883893231459 0.431372168894   9.7240395965   1.2366905091 0.576510278792 -3.03245742001 538.671466999
-0.0429710713687    2.55446594776   0.942357216569 2.72308279618  1.11040823051 0.642806054173  9.50907740731   1.35599142767 -0.605091042007  -4.02112157489 538.703666996
-0.000248780160204      2.51385479514     0.802737236919 2.63891134078  1.20494159658 0.626049730299   9.4139696788  1.24511501701 -1.83059705601 -4.36874023394 538.734867001
0.0434399146114   2.42742250649  0.639166631001 2.5105379968  1.46337539417 0.636698988778  9.33971062122  1.36510841843 -3.22305687096 -5.15073231565 538.773066999
0.0914865034753   2.29726537833  0.456608033167 2.34398995193  1.80476692974 0.709161812069  9.28354367271  1.68037878487 -4.77602264896 -6.03496102246 538.802066999
0.147959469902   2.1303539123 0.263792073822 2.15171700151  1.68248697029 0.700646108241  9.36635099899  1.69469168526 -4.88691878422 -5.23000636283 538.835266996
 0.216217507495   1.93758326517 0.0716743308648 1.95092699241 1.99357527719 1.00497488788 9.31309883167  2.25453244047  -5.9955957973 -5.60595608063 538.875668
 0.297640145542   1.73230027878 -0.108392987123 1.76102326838 2.28871028089 1.46009436703 9.22988889518   2.8984737162 -6.79333073305 -5.61483974042 538.901658001
 0.390705627422   1.52862474985 -0.266339025792 1.60008780691 1.88700763091 1.48472574107 9.28735651391  2.59288618529 -5.27384110212 -3.84594436224 538.935868001
 0.490576800259   1.33987377525 -0.394569697727 1.48040959769 2.18255059704 1.98791802305  9.1177079315  3.08361319216 -5.45512351363 -3.45024088703 538.976067999
 0.589290302881   1.17731482055 -0.488534523123 1.40427889966 2.29702231815 2.22502099825 8.96095779287  3.09037904685 -4.82687376275 -2.52787841778 539.000267996
 0.676586722634   1.04934423169 -0.546722705865 1.36301086824 1.76696793143 1.63383941141 9.05133380964   2.0170918128 -2.86857712159  -1.0845948956 539.036258001
 0.741358860051  0.961052783669 -0.570302135207 1.34107417311 2.00712256439 1.50720720551 8.82174514856   1.55970309003  -2.17497212364 -0.256459524665 539.075657999
 0.773615849617   0.91403921901 -0.562677052525 1.32308527394  1.84050737806 0.774016864876  8.78708981812  0.414891911016 -0.894536367057  0.671590280431 539.098468
 0.766754395127  0.906298210048 -0.529194092195 1.29974425761   1.25778661017 -0.140333804137   9.03473851789 -0.702490103153  0.235180855546   1.11727988445 539.136868002
 0.719804405928  0.932054307491 -0.477092297214 1.2706142904  1.27934723559 -1.22179793915  8.95759791383 -2.14041133145  1.26243145853  1.90592328147 539.175068999
 0.639205150188  0.981527759134 -0.415618223906 1.24286703795 0.856263108704 -2.08948075909  9.22856706406 -2.8974126632 1.74806971224 1.94594437454 539.196458998
 0.53961430533  1.04076676716 -0.35607401181 1.22522151631 0.371604351705  -2.2482249673   9.6119411025 -2.53105976069   1.4248514557   1.3452980326 539.237259001
 0.443301122179   1.09181126323 -0.311492154838 1.21884990133 0.0708757726309   -3.3639777574   9.99591039197 -2.7324235221 1.22875427633 1.02029778542 539.273858999
 0.377854832174   1.11350902061 -0.295672382672 1.21247629711 -0.305753006409  -3.17942449312    10.452936509  -1.11369949986  -0.13429554022 -0.156495261652 539.296459002
 0.372247090689   1.08324320735 -0.321476553009 1.18967681197 -0.540654871555  -2.37659120256   10.7227968769 0.941515711479 -1.70729824112 -1.31168931386 539.337659002
 0.451679076589  0.979639770101 -0.398521938258 1.15001208805 -1.16183305706 -2.72480130866  11.5472192868  4.58913373241 -5.25012785292 -3.69543838491 539.374868999
 0.63203794249 0.786033479657  -0.5306753129 1.13970912061 -1.52989186502 -1.88528055257  11.7429102363  7.69764788265 -8.06454803506 -5.23963023363 539.394269001
 0.915077455632  0.494154003002 -0.713947662333 1.26145796325  -1.53191817709 -0.885556758347   11.2992666584  8.04779154855 -8.35946138338 -4.98487015415 539.435068996
    1.285518612  0.107245219721 -0.935446766796 1.59346173235  -2.74497286996 -0.608671431796   11.6176376534  13.2245799503  -14.161897378 -7.64196508644 539.475469
  1.71106498854 -0.358250670531  -1.17391757885 2.10574676062  -3.39913545803 -0.201058239884   11.0611667065   13.569648567 -15.4638489096 -7.36034518845 539.495259001
  2.14583435185 -0.873162824742  -1.40209266297 2.70792950788   -3.47820803526 -0.0291164721635    10.2574950472   10.506519478 -13.2334710603 -5.30116408319 539.538869002
 2.53699297358 -1.39854704184 -1.59064737969 3.30490941824  -5.81626813012 -0.069382961891   9.50436037893  11.9836910671 -17.7334273568 -5.41932303475 539.573869999
 2.83359033114 -1.89090190276 -1.71311301555 3.8130696787  -5.93772942616 -0.208012999368   8.73830346308  7.01841022038 -13.9207489688 -2.44873529095 539.596259999
 2.99592684038 -2.30882486151 -1.75077018821 4.16790668394   -5.6842296684 -0.332986048121   8.30990459351  2.26440394736 -9.71754320082 0.222402990887 539.639260002
