 0.189298430645046  0.996159437495873 -0.374763020847533 1.08102490376103 526.746030998474
  0.43319707933699   1.16184498178918 -0.306358126210983 1.27726221769466 526.779831001526
 0.486978791009364  0.960113977489987 -0.726015598286064 1.29848598052472 526.817432001526
   0.5550127446938  0.480394490238214 -0.839910860194994 1.1154677342251 526.845822000916
 0.556465518013241 0.0950300199621882  -1.20218903646172 1.32813518017577 526.880222002441
0.511604533500824 -0.61336207113761 -1.34150726362256 1.56127959294961 526.917621998627
 0.711080525123559 -0.641407890264803  -0.74212337746656 1.21152247287713 526.945631996948
  0.98083202624099 -0.278710384190025 -0.620663495387191 1.19370604273481 526.979222000916
 0.717759109266389 -0.197797397660297 -0.662185023457656 0.99638895756009 527.017232000526
 0.408953090886022 -0.627796324599577 -0.434840395462417 0.86628922725143 527.045431997474
 0.449763854958553  -1.05545881333822 -0.572943882023049 1.28239834834117 527.076831999
 0.648200962597291  -1.18887112268261 -0.571476434873527 1.46974975756978 527.115232998237
 0.694852770425936  -1.10013638976341 -0.420208408482371 1.36736811254671 527.144032997474
 0.586037700026928  -2.07322368797176 -0.683091685473651 2.26015727262138 527.181632995948
0.577336440870783 -2.22519293437864 -0.72553510564771 2.41064351381393 527.214022997627
 0.556934862562903  -1.66832902640481 -0.612369958887167 1.86238963378512 527.243233000526
 0.497601079182903  -1.23670547431548 -0.331945565636539 1.37376676432051 527.282023001441
  0.373517885940671   -1.69448835872608 -0.0668035984838982 1.73645303125256 527.317223001678
 0.580131375822288  -1.74765146496144 -0.255008320386423 1.85899631512858 527.345823000153
 0.501776809968612  -2.59311617695022 -0.257051978232303 2.65369689182776 527.382432996948
0.532802841067557 -2.62495438123879 0.329970388264132 2.69873022515508 527.418624001678
 0.127868141650331  -2.11282070910991 0.0123074847051544 2.11672225024271 527.448623997864
 -0.15064013649127  -1.76124256863048 -0.112617043449769 1.77125673880258 527.482824002441
0.0161958676850564  -1.82110583896583  0.334055628855238 1.85156202867076 527.522233999763
-0.197666959094694   -1.2858550848504   0.30103647086342 1.3353345958011 527.551834002052
-0.498968763939645 -0.998381395493604   0.52564392361433 1.23370854446578 527.583224001441
-0.338011749515261   -1.4725013841122  0.945157650375688 1.78208733037593 527.625434
-0.243267596174422  -1.27777182329739  0.518782815205949 1.4003626548556 527.654624002441
-0.144946073576896  -1.04502025265781  0.421873107594718 1.13624540114448 527.683834001526
0.143351279315611 -1.08361485812953 0.790037786327709 1.34867729789824 527.729633997474
 0.140877926334448 -0.719979450260253   0.45015564967257 0.860730566354817 527.756834002052
0.0772500870410165 -0.632897362866367  0.448324837239349 0.779436852834618 527.784233995948
 0.355823598409029 -0.936855340489619   0.84570002297587 1.31130350836489 527.83382499939
 0.191134112344273 -0.515184665054391   0.28580162839082 0.619378768444385 527.858634996948
 0.12898411560635 0.174467120110745 0.270668109283981 0.346896098942975 527.884625002442
0.164956807454635 0.695859962581453 0.727336191936976 1.02002439772334 527.932634998237
0.105419451569068 0.577730101549965 0.773156123511815 0.970904589715114 527.959034995948
0.308357442103101 0.600349417036692  1.28611385306618 1.45244365731872 527.985034995948
0.545303917279913  1.36797322027516  2.28992473434946 2.72258376961596 528.025434999763
0.173801982088478  2.09314110129181  2.12879302766057 2.99051944543272 528.058834997474
0.181491739568784   2.3794634985216  1.77051395663159 2.97144837797254 528.085434995948
0.113495780467038  2.84941001173017  1.67100014952385 3.30518686413351 528.119635
-0.378115804505765   3.44083017752342   1.39096660615646 3.73055920360679 528.157234998474
-0.655217261173738   3.03331632524196  0.798435837575683 3.20434351701633 528.186035001526
-0.73822248346053  2.56638262184367 0.845697218097425 2.801159756509 528.220636001526
-0.288867910416916   2.21011020759746  0.950308749835807 2.42303910810569 528.255835998474
-0.149206189109936   1.89229812185282  0.788261878258239 2.05533730992059 528.286636001526
0.0756353132895329   1.39632617408735  0.365789728282878 1.44542367850229 528.323625999916
 0.21260282277102  1.26878651947741 0.144522823260187 1.29456789652026 528.35622599839
 0.327128176743827   1.47645906544797 0.0222483515881453 1.51242824792174 528.387026001441
0.0706065868122308   2.00345512106878 -0.277273323921547 2.02378314263078 528.423835998474
-0.265419491768665   1.95352417673672 -0.339742332832512 2.00053219629779 528.455435996948
-0.342516113719478    1.9074008622334 -0.334981683101662 1.96664894310597 528.487636001526
-0.256505759016528   1.44389867602519 -0.578873321826101 1.57662072603335 528.525026998627
 0.114036077825429    1.0770980222705 -0.595888005313579 1.23621474327943 528.554837
0.327042283517465  1.22975723911291 -0.68069234998806 1.44312217005047 528.588237001526
0.112080367936753  1.36482647507285 -1.03274640240056 1.71519049892655 528.625436999
-0.0246280416739784    1.12047896846998  -0.830753633109624 1.39507392569179 528.653226999916
  0.16989804118375    1.4998967367311 -0.752663599205251 1.68672998989858 528.688627001441
0.0349560266664744    1.6279249700421 -0.908894557846911 1.86479246812363 528.723837
 0.149845445722033   1.43547379189761 -0.668166802446541 1.59043564494769 528.749837
 0.415786078954234    1.7741125447751 -0.871366513409909 2.01981013604563 528.789036996948
0.442191975468554  1.78791287570423 -1.05975278051908 2.12490991576011 528.822837997474
 0.509589144109672   1.35532115448604 -0.680639976965233 1.59995228236189 528.846837997474
  0.88872998339888   1.40853932646769 -0.927546774515647 1.90634913814669 528.888428001441
0.772850168416272  1.10728181662031  -1.1654690693863 1.78372883475466 528.922027998627
 0.42215452731399 0.309012608441557 -0.76356688195576 0.925601221005674 528.945428000153
 0.540894061404294 -0.276140346485886 -0.791246060962097 0.997441830688793 528.983628000916
 0.849432445787277 -0.457679339298741 -0.785294506117845 1.24406322946865 529.021637998619
  1.07479549544943 -0.380559460065089 -0.522277867706838 1.25410726446338 529.045837997474
  1.76971582334094 -0.640937578652949 -0.900310276366611 2.08644522306341 529.090437995948
  1.92150727199436 -0.747311842358501 -0.889953692078743 2.24559185073803 529.121238000381
  1.73076876957557 -0.606839967186003 -0.448626372568843 1.88814218259026 529.147038001526
  2.24188653981933 -0.874954040272952 -0.452183746123715 2.44868739741755 529.191038001526
  2.03151279969611 -0.766641841636433 -0.414301367042182 2.21052699404686 529.220638998618
  1.43284707951806 -0.620866965092097 -0.298619179714259 1.58987419506051 529.247838997474
  1.46658243105674 -0.713150150785711  -0.22568317060024 1.64632319370838 529.291238999
  1.19111550881512 -0.679903177274549  0.118869944266563 1.37664612354006 529.322638999763
 0.825334788406073 -0.942423542571124  0.401105793268816 1.31538036473843 529.349839000526
0.867091129698261 -1.83578560520782 0.684745533545005 2.14262275288943 529.391839000526
 1.31800493244553 -1.82002342229061 0.311021101957785 2.26855821734868 529.421229999534
 1.36056794619933 -1.28563314563146 -0.16860873792273 1.87947509370973 529.449639997474
  1.27745159823571  -1.19522098518926 -0.348129261694027 1.78371235688925 529.492239995948
0.648486274053438  -1.4471038838083 0.244205819755731 1.60445647512525 529.522639999763
0.424319929767958 -1.59590291969814 0.520070400594777 1.73130781592245 529.551029999153
0.624092464498273 -2.05437585575019 0.996815915347228 2.36719106326938 529.592630001442
 0.80325023362681 -1.96377559228713 0.975351389329587 2.33515221074588 529.626240001526
 0.48801556998529  -1.8289251227014 0.396651831234912 1.93402662241718 529.654430000153
 0.27634106625187 -2.17519162375454 0.192018750682275 2.20106660180076 529.69322999939
0.305782365692631 -1.66238470020515 0.276900551818254 1.71280461881733 529.729239999237
 0.135666270147312 -0.913620249841742   0.11910775871817 0.93128618370694 529.757039998474
-0.154424246252187 -0.378416090961713 0.0783821489569879 0.416160241979475 529.793639996948
-0.0636830840942563  -0.903903653547157   0.343711196496608 0.969141236710514 529.831631000916
0.214823987376417 -1.11317729114209 0.164292285005493 1.14555880773492 529.859830997864
0.303747172662053 -1.31068088085551 0.209781459016888 1.36167359410676 529.894031002441
0.385086058617704 -1.68204042140476 0.344942778267341 1.75969792068411 529.936040998237
0.197462911867369 -1.25351240951594 0.253800118768608 1.29410179764212 529.96263099839
0.0343628454705018 -0.944270040267418   0.34627212294573 1.00634541645739 529.994440995948
 0.113115716294786 -0.978018786678094  0.623434008045738 1.16532650993451 530.03903099939
 0.115730237901224 -0.767249584823049  0.508233370158875 0.927559470825921 530.064840996948
0.0835924511349129 -0.711797013724761  0.672178376810576 0.982581526839341 530.095041001526
 0.272944458082859 -0.895513728911847    1.0330183372497 1.39411993779656 530.142642000526
 0.271300746060505 -0.772784589787107  0.558498522882892 0.991322710870575 530.167042002052
0.498638641548113 -0.43575045480849 0.388389429440178 0.767701310804938 530.195432001441
 0.946757142963061 -0.364696965621547  0.655203237110711 1.20774345223044 530.243642
 0.692286054372552 -0.227443123198141  0.519190181564606 0.894733926931313 530.266432000916
  0.612300315756244 -0.0504133061768357   0.761347953973387 0.978316863359892 530.295832002441
  1.1387998471295 0.245787597915936  1.21898717732447 1.68618100261892 530.345832000916
 0.90046219179415 0.085990827074521 0.715748299526665 1.15348264376496 530.368631996338
 0.67769890371453 0.227376089536767  0.67556475861316 0.983546355424575 530.396241996948
 1.09669951427751 0.774857501357894  1.17542176485986 1.7845924737411 530.444442999
0.422481641704807  1.12129833725546  1.14413674729273 1.65675876192493 530.468243002052
-0.132350733714635   2.08923108459574   1.73679868032162 2.72008692830263 530.496633001441
-0.306260509926031   2.78810641731722    2.6572877218403 3.86374312433795 530.535833001678
-0.272532297851328   2.29605998841206   2.35272279707794 3.29870730493767 530.567033002441
-0.19647796487693   1.9699952379138  2.03074276165878 2.8360890310628 530.597243001526
-0.333825416113058   1.66002301349308    1.1456006852164 2.04438664242798 530.632242998237
-0.210713140267689   1.48363370362763  0.375780889404386 1.54492079760189 530.66583299839
    -0.12522371813583      1.37435401041892 -8.88945649218653e-05 1.38004707653057 530.697843000526
-0.264391123319379    1.4290161561615  0.190861669999347 1.4657482791174 530.732642997474
-0.413093581278676   1.43097246726587  0.259791068362742 1.51189282297644 530.765443000526
-0.412137399721838   1.50300971220283  0.139213986982948 1.56469676467909 530.798242995948
-0.529945566487424   1.78674473508631 0.0315847761314383 1.86394652548876 530.833434001678
-0.520529741790321   1.73555156773526 -0.140560998852438 1.81737388854221 530.865033996338
-0.655182334894282   1.69694899320146 -0.313668618779251 1.84588401041123 530.898844001526
-0.630204424736453   1.59268305802936 -0.709338698712641 1.8539035384244 530.935244000763
-0.487314615979707   1.37092957047271 -0.770296358311961 1.64629277522943 530.965834000916
-0.649255273664728   1.08075356411727 -0.985873541588393 1.60047096716488 530.999444001526
-0.670115756897086  0.652473465687494  -1.34433633037333 1.63768645357701 531.035643999
-0.750464589466639  0.665244630122924  -1.17385717107433 1.54391974403897 531.066233995338
-0.846732063435025  0.870178388590997  -1.00140502166081 1.57384167965753 531.099843995948
-0.952255515624257  0.651383928540312  -1.08286442435362 1.58230431678869 531.135635000153
-0.882924563454633  0.505197030144346 -0.892004786334014 1.35294211364013 531.16643499939
-0.850127432902524  0.825266055951596  -0.64274922463164 1.34792703105321 531.200235002441
-0.855592664391549  0.834235636412107 -0.745302477539344 1.40835495790189 531.235044997474
-0.806929536279865  0.829711625973513 -0.813750126704203 1.41483070630643 531.266044997474
-0.704891581837207   1.11892342680035  -0.98675049966321 1.65001161382979 531.300845000526
-0.711271696172569  0.991506211151882  -1.27634967303132 1.76580306953412 531.334635000153
-0.634712162452909  0.945087704012984  -1.37656547202727 1.78633221888311 531.365835000916
-0.558016506339688   1.15063291973447  -1.32649456537976 1.84253259653832 531.401244996948
-0.499065259326338    0.9242114066784    -1.375207802365 1.73044195423785 531.432635999534
-0.51339891275037 0.710571738332598  -1.1971466877087 1.48379608801957 531.462635997627
-0.558230456340968   1.14085643831872 -0.955014604001432 1.58909645682568 531.501846000526
-0.416999451551062   1.08791452898413 -0.902190517495981 1.47356516477159 531.531035998771
-0.382918935297466  0.898244115823325  -1.00067160343168 1.39814629439666 531.558245999763
-0.276528602309098   1.09139905442876  -1.72931720043602 2.06353045619077 531.602245995948
-0.0512673253056509   0.887851875391615   -1.68639965929511 1.90652907193965 531.629235999916
 0.42014594407389 0.671566333156269 -1.17015599910191 1.41307785220238 531.654235999915
0.753286379323191 0.983591761314683 -1.43057118814738 1.89246586404019 531.702636001441
 1.21189623373801  0.68960870544974 -1.15089559483967 1.80798598396165 531.729446000381
  1.46900895550969  0.301034780544491 -0.510317402294824 1.58399277193744 531.754046000763
  2.02815470870276   0.44952949735477 -0.407871726930351 2.11703746708799 531.803045996948
  1.9415866822147 0.145224312749808 -0.31663686960385 1.97258912416135 531.831236999771
   1.5799402269249 -0.446146176335834 0.0973863059429028 1.64460986981709 531.857237001679
   2.093305404933 -1.02662996833482 0.509256815399972 2.3864700111747 531.903437002441
   1.8715224293343 -0.754857585594009  0.309933519963793 2.04168189609139 531.932046998618
   1.56396575867627  -0.808835512267779 -0.0740634885141669 1.76229656430132 531.959246997474
   2.0898521156685  -1.04695149756846 -0.366368392706696 2.365970224411 532.003837001441
  1.91571111949912 -0.600909782661832 -0.290269673069506 2.02861976313334 532.032237000534
  1.60833674859525 -0.373438745360885  0.162777222884101 1.659126281423 532.060236998627
   1.91428518061681 -0.0462997130016735   0.810963862352581 2.0794936408162 532.104246996948
 1.67066767996021 0.127103541585748 0.755030054541485 1.83775846900733 532.133638000534
  1.45277278409645 0.0743320021391433  0.633004993180162 1.58643289493895 532.161438001679
 1.76639464944839 -0.18339587756811 0.926625522853105 2.00310233515706 532.204638002441
  1.67288866285596 -0.236629297905478   1.06239308672135 1.99580283937381 532.236447999381
  1.42930699489321 -0.227010417882091  0.830171728253094 1.6684236014479 532.263248000526
  1.56986803305782 -0.355284639557553  0.931638647137333 1.85974820477457 532.305248000526
  1.41032293156374 -0.153408120140884  0.756314871803339 1.60765574919837 532.338047997474
  0.820737535046834 -0.0696494394697671   0.485644382723902 0.956196429780245 532.364447999
  0.734855866114447 -0.0629349731661952   0.512268342742185 0.897993769347019 532.405647995948
 0.963029991831613 -0.387726209134784  0.674634534750019 1.23809940388266 532.440438999153
   1.0641777121326 -0.486791556242394  0.484559233845858 1.26658512281408 532.466048999763
  1.33164069880047 -0.821899264382663  0.558974650459125 1.66169732844176 532.506249000526
 1.29029226703792 -1.01747070134116 0.450005588026041 1.70370355159581 532.543849000526
0.805103958071247 -1.01586349883772 0.284538086042536 1.32707684554496 532.569038999153
0.556008716450491 -1.66404451847576 0.260140481172438 1.77365806236229 532.606639001441
0.565490169029972 -2.22658287732211 0.357210201495868 2.32487624808424 532.649249001526
0.590988215720157  -1.8232406750395 0.151625771234372 1.92261904826229 532.673639000916
0.193335864588714 -1.76842026667011 0.589375854566129 1.87404719632442 532.707039002442
0.0963055516472634  -1.67071959069693    1.0895891679526 1.99694348065643 532.753039000916
-0.200006695397978  -1.01318394554655    0.9642557983909 1.41291671037176 532.776848998474
-0.706143178161873 -0.895589463196492   1.17809253516499 1.63970140454432 532.807448996948
-0.91616630783407  -1.0213761829015  1.41942963569642 1.97417083893518 532.856449998237
-0.524222127560684 -0.884762801144477  0.939178951781519 1.39272077488013 532.879450002052
-0.246954006567466 -0.552330017936933  0.501748537204419 0.786006567822884 532.908050000526
-0.123996332921161 -0.942369675555256  0.911506112279916 1.31692030461515 532.959439997627
0.0258356839903483 -0.850380399215126  0.725928251262356 1.11838550237266 532.981249999
-0.0140560605806967  -0.624307105407909   0.983619875315396 1.16510299708538 533.008449995948
  0.425249784272041 -0.0202927699205651    1.49697801566489 1.55633940865046 533.060839997627
0.41587997273088 0.22257682904157 1.12988303705443 1.22439057247603 533.082249997474
0.289089169762176 0.582276961012021  1.08845325519039 1.26781287899032 533.108849995948
0.615019774523104  1.12327964085397  1.85688848236166 2.25566870584731 533.16044099939
0.34574616186465 1.01250449934676 1.58995930274076 1.91642280147504 533.182241002441
0.0699305910496053   1.29052446570423   1.99303161505348 2.37539864080715 533.209241002441
0.20772882129142 1.71220658053674 2.89795724071502 3.37238177059494 533.253050997474
0.053233417489541  1.57453264213491   2.3928294062163 2.86489430959319 533.280450999
0.355330273761686  2.10921555951379   2.1369427361296 3.02350361955194 533.309650995948
0.430981325369093  2.59523287251571  2.27785420722422 3.47988481918183 533.345850999
0.292043419232009  2.96077006662807  2.36352415429907 3.79969672133351 533.382050995948
0.00151783152009549    2.76237543988863    2.04190427617803 3.43512640928781 533.410251000526
-0.0795889438236231    2.68439913738641    1.68920749860803 3.17265741959851 533.446041999153
-0.00207394249308548     2.47635360616613     1.40322459443954 2.84629069956838 533.480451999
-0.153601397854758   2.00031029290273  0.769451352586829 2.14869496236977 533.510852000526
0.129077414310799  2.20145067055071 0.668752514459264 2.30440360166115 533.547452000526
0.162014608202816  2.22949157737058 0.643159868849973 2.3260558986698 533.579251995948
0.176959829897574   2.3974048684559 0.623131345224083 2.48337624175118 533.611452000526
0.173782566188234  2.51921583596479 0.111057073944443 2.52764366202197 533.649442000916
 0.309575979623985   2.12633020106541 -0.126004399934303 2.15243920237618 533.680442000915
0.104642027863858  1.72485231105297 -0.62289588922915 1.83686274330959 533.711842002441
 0.144086612151709   1.40211194705991 -0.956321247554108 1.70329950167695 533.751042000678
 0.242444236987377    1.2056590895838 -0.882192394216332 1.5134914828824 533.781852002052
 0.423081416930836   1.21926617207241 -0.783867151535838 1.50998529627583 533.812452000526
0.466067721493562  1.44693518281864 -1.07381782973038 1.86116234534859 533.853852999763
0.364687034455766   1.3235543340624  -1.0446130503336 1.72511133937574 533.882252997474
 0.278266597762438   1.32155867138513 -0.934529450834632 1.64234433533921 533.912852995948
0.316430030411741  1.54005679340128 -1.03870790340401 1.88436116486245 533.955852998237
0.243582941693034  1.42191334441357  -0.9084542553236 1.70483410997105 533.982042996864
 0.291228071798968   1.54481086427318 -0.836532987523813 1.78074193396901 534.013453000526
 0.300133194639859   1.59388236129021 -0.898548370727387 1.85416560498075 534.055842997627
 0.288977789910304   1.33258575196164 -0.801530596746475 1.58169031321349 534.080252997474
 0.35959968575791  1.29994596720113 -0.86621435066813 1.60296561190285 534.113843001442
0.361260248155453   1.3097815177535  -1.0177827955305 1.69762139772797 534.154253000763
0.405905873774273  1.18324532860841  -0.9786259064092 1.58824990185213 534.177253000763
0.645302351745653  1.34748746894297 -1.21089437826645 1.92312318883739 534.213053
0.588339731090699  1.35890303829134 -1.37025520002638 2.01751342495078 534.25184399939
0.374013146080673  1.07494249569624 -1.08283390922845 1.5709603678864 534.273044000153
 0.27340595758841 0.863225109735991 -1.39484071281987 1.66297595348321 534.30984399939
0.329229934452166 0.806548647681117 -1.43286221461153 1.67690405118392 534.349853999237
0.317357220661287  0.50099744912012  -1.0518922371214 1.20755593164332 534.370644000153
0.234949316169644 0.417815999141006 -1.18879516230635 1.28179769395555 534.406454001526
0.345764442252176 0.387606028151641 -1.24314149598501 1.34729071162289 534.447854000526
0.640726880649024 0.286580110908117 -1.09881346430214 1.30385970291516 534.468653999763
 1.36948255528218 0.245281602737223 -1.94736906021407 2.39330144163718 534.515854000526
  1.68260921814831 -0.479183483010914  -2.38329212715568 2.95649656768791 534.546044999771
 2.05796273816034 -1.14605807324076 -2.12280488550131 3.170955742486 534.568045001679
 2.78653324770021 -1.58927962912195 -2.62990003353705 4.14812625970797 534.616044997864
 2.74965867547975 -1.08025169111692 -1.82570664992072 3.47286212213597 534.645445000534
  2.26469701822643 -0.612346893278559  -1.01283238312572 2.55531812860546 534.669845000153
 2.04633611920752 -1.21817776146638  0.11973007678637 2.38448817623234 534.716445002441
 1.65028930342201 -1.56580550522271 0.347027695509461 2.30122356293896 534.745254999381
 1.47500165083573 -1.86680490992449 0.358255771424594 2.40602112198654 534.772055000526
 1.67963277445912 -2.73670774440284 0.267470223257955 3.22215391557284 534.817055000526
  1.77009827331219  -2.53935536511328 -0.374248706925405 3.11795376202851 534.845846000153
   2.0277669193288   -2.5073395948871 -0.973499657815325 3.36842576094225 534.874246001678
 2.50847274924236 -2.75201230732795 -1.24113646640409 3.92510216448108 534.917446002441
  2.30282328249134  -2.57805228225394 -0.850996025544376 3.55999197694479 534.949055998619
  1.66460891533699  -2.39037497120271 -0.533571207437265 2.96133645122904 534.977855999763
   1.26781836961079   -2.64925784394794 -0.0883248885504446 2.93832126017216 535.017855995948
 1.14722504972332 -2.48374731289408 0.374372396780206 2.76139108430736 535.054846000916
0.623310188534366 -1.89286995672623 0.483695999162102 2.05071550533294 535.081855999237
0.0833055091255259  -1.71439494907462  0.725286846400601 1.86336546571653 535.118255996948
0.199541479080427 -1.93125963163404 0.712722412238177 2.06822479521919 535.15984699939
0.386684027463091  -1.9226146771801 0.355112167605165 1.99300687043087 535.185857001526
0.820534392362504 -1.76128625153653 0.183346118124756 1.95167152664907 535.218647002441
 1.17531273854453 -1.82783720192846 0.448197672983125 2.21883528550593 535.264856999
0.906969994168229 -1.34296635974257 0.549723423919438 1.71124196317395 535.287657002052
0.439619551997102 -1.15651723805201 0.953828003275056 1.56223728423094 535.319056995948
0.521449997062263  -1.1957904346747  1.34784062342555 1.87576629920999 535.370657000526
0.505801562164373 -1.16892379099063 0.944660718145076 1.58574964033992 535.392456995948
 0.945177069778315 -0.846301745895348  0.328810066839125 1.3106114597374 535.419456995948
  1.58538222628882 -0.668325536139343  0.735679486914854 1.87118148055065 535.473648001678
  1.11635167119743 -0.223669827249147  0.969586023320349 1.49544852871141 535.49404799939
  0.681207476967655 0.00153366634240931    1.50078073637218 1.64814708004927 535.52004799939
0.769825462580816 0.504887229580784  2.31222986851109 2.48876461769014 535.575458000763
0.446111597708122 0.489086936798995  1.81707076088102 1.93389961978533 535.595247997864
0.766964029360327 0.580318368813982  1.27982603742942 1.60092408239674 535.620258
1.21096315700834 1.27565206075553 1.89158356446233 2.58298438421247 535.675657999763
0.882309626238506  1.70242983206064  2.04642110378437 2.80438530584818 535.696457999
0.548255512165267  2.23070844158922  2.75513276016967 3.5871159423912 535.720648001441
0.237254536870903  2.53009971518103  3.07247930730933 3.98720746611823 535.748858
0.379755135802177  3.06396861696489  3.46013949022823 4.63731419474147 535.795457998474
0.545003670888496   2.5332710558099  2.98630490051328 3.95379668196478 535.821258001526
0.379491664024123  2.36483285553556  2.04981332481862 3.15248838606714 535.850649000534
 0.3225244338341 2.63617665901847  2.0648425608771 3.36407850520515 535.894448995956
-0.237687300898925   2.01824110364322   1.58417721747463 2.57670523378389 535.921649002442
-0.144947438437707   1.70762239086224    1.5733918065615 2.32648786084058 535.954048998627
-0.0717193852824135    1.79872052884895    1.64724666154705 2.44007392820502 535.993448996338
-0.0085238405962257    1.67298125567823    1.48766146361021 2.23876652825168 536.02224899939
0.282175804133139  1.63936331539915  1.28086473850534 2.09946415607913 536.056648998627
0.283726517584749  1.89005633126227  1.32645643065627 2.32643511290445 536.092859001526
0.426556020966217  2.18375391041534  1.27583255792812 2.56485475147156 536.122658996948
0.299580819120901  2.73519003814494 0.952450951833131 2.91173076152317 536.158659998237
0.150833737689794  2.81812695944925 0.860012450090981 2.95029011968512 536.191059995948
0.0319122719368744   2.79589654673179  0.721630478112301 2.88769916024289 536.223260000526
0.0669871140515581   2.60732595220226  0.624479631669575 2.68190430568403 536.259250000916
0.293640937788287  1.97329894197383 0.417581863348773 2.03826110381817 536.288250000916
0.451604406638405  1.83520610282366 0.120900623131501 1.89381755737188 536.32384999939
  0.624866558023008    1.80846762475297 -0.0228854998345318 1.91351433525277 536.363249998627
 0.590959193489387   1.48771722419877 -0.122281247365706 1.60545570197519 536.389659998474
 0.531126382297497    1.2904377014956 -0.278671840381665 1.42301886496117 536.424460001526
  0.65562532798012   1.17380705081366 -0.389933157715753 1.39989836442332 536.464860000763
 0.643321384481833  0.899697532132119 -0.447046927911344 1.19296647430312 536.489859996948
 0.702909132651248  0.768254616073123 -0.548743655557625 1.1770369592315 536.524859996948
 0.854126604879195  0.715417425563102 -0.646162751589709 1.28797540795769 536.56545099939
0.848109992966542 0.580455606306066 -0.69326142781931 1.23968975085056 536.590260996948
 0.970882985928024  0.580456441445188 -0.824655953086082 1.39985745479318 536.625251002441
  1.07682758210434  0.629519685990685 -0.871806418564837 1.52180784203569 536.665460999
 0.899329635537814  0.674912559416227 -0.758283190695329 1.35620579319859 536.688861000526
 0.898472252522521   1.04232936135942 -0.689822017456487 1.53933664345151 536.725651001441
 0.902832587489346   1.04558210479819 -0.679211995277268 1.53937570249612 536.765050998627
 0.753033957134035    1.0182953719282 -0.520644194765291 1.36932683557657 536.786861
 0.735442359405981   1.15583136873964 -0.474744581604416 1.44989793941986 536.826261001526
  0.78145769957171   1.04467206870381 -0.578002326280021 1.4269206553046 536.865051999153
 0.834469055329368  0.674442626532398 -0.723982936021967 1.29435804646056 536.885452000679
  1.09558900990941  0.396575386523408 -0.999565153692329 1.53516051678853 536.923451996864
 1.28454609497748 0.110270228636539 -1.22681909529064 1.77969190761075 536.964651999153
  1.43591139326233 -0.293475714154345   -1.2213174988384 1.90776989101617 536.985661997474
  1.73666900654704 -0.601080453438954  -1.22371067899888 2.20789147733836 537.017862002052
 1.91397707826212 -1.16134645768327 -1.46525746276632 2.67563324898587 537.062452001678
 1.98374787231948 -1.54962286693367 -1.49980617070569 2.93018859467145 537.085252000915
 2.46017919081931 -1.96241762421383 -1.70132073935165 3.57743718895433 537.127661996948
 2.43727963518171 -1.81284328928648  -1.5088116652079 3.39164347369383 537.16025299939
 1.95187719120949 -1.49613902666047 -1.59724071115819 2.9324792319881 537.185453000153
  1.54638503079997  -1.54640344051474 -0.869708929308218 2.35352159243048 537.228053002441
  1.08491659611038  -1.44817239165466 -0.475242008757918 1.87085602421853 537.257662998618
 0.790488861385294  -1.79036400963239 -0.456107254557346 2.00955461598361 537.283862997474
 0.773742514161732  -2.63875776884404 -0.342229861427269 2.77107223271221 537.328462995948
 0.937746395898718  -2.60271848641422 -0.219659201694451 2.77520485503906 537.357853000534
  1.06244680086727  -2.54502836312073 -0.277723950429557 2.77183931107203 537.386253000153
  1.62988160152257  -3.13271104402259 -0.375615467490552 3.55126449307018 537.428862996948
  1.74411834770646  -2.45379001564956 -0.339324728446868 3.0295503829848 537.459053999771
  1.14997928357354  -1.90651414142699 -0.234915156237232 2.23884650093287 537.488253998627
 0.793369529869964  -1.58295062762159 -0.117482356510371 1.77453374284766 537.52945399939
    0.66773578581287    -1.84893797953998 -0.00219379667681703 1.96581981488242 537.562263998474
 0.578130857171533    -2.259716552563 -0.134907685344944 2.33639771218563 537.592064001526
 0.638254778230533  -2.62691915616751 -0.259918496012343 2.71581130411213 537.629854002441
0.676707299891428 -2.49516630160011  -0.3595716340651 2.61018761823578 537.666464000526
 0.533400223019675  -2.08318247379416 -0.287507105164871 2.16952191797199 537.695464000526
 0.486159563623473  -1.68122057499115 -0.204075117949063 1.76195924948395 537.730263995948
 0.595112672847685  -1.49188381519387 0.0264009398801537 1.60641632867942 537.772253999916
0.508646906061756 -1.18594771676771  0.09371805824986 1.29382252894083 537.798463999
0.256245212923719 -1.04694172377531 0.362209838618914 1.1370771958492 537.830663995948
 0.42042530222479 -1.05161953027532 0.652691829953026 1.30716016466794 537.877054998627
0.402619923885436 -0.95107025124734 0.649133515655374 1.21984086956631 537.90125499939
 0.509152360577409 -0.791840966149826  0.634884538397113 1.13548519103084 537.931055002441
 0.700201034138993 -0.675342103758051  0.843569433140062 1.28762488087405 537.980255001679
0.628303167979455 -0.52857310982449 0.835710798309817 1.17156602107358 538.003455002441
 0.449295202193965 -0.279067170161926  0.911196139732575 1.05357632340531 538.031455002441
 0.566601610116453 0.0771285509535683   1.35405140418776 1.46984400639714 538.08205499839
0.511408766618316  0.26655866427866  1.39307993334849 1.50773477401509 538.104654996864
0.345703028542309 0.598534002725047  1.66279377178951 1.8007322576839 538.131864995948
0.633697720944169  1.02898085874748  2.56591266724182 2.83624438740927 538.180466001526
0.530737520788058  1.12448754351314  2.32159012064627 2.63361638052523 538.205265996948
0.750128504947871   1.2869367434141   2.0560855427323 2.53897355530092 538.232256002441
0.689154861439046  1.50079951900022  1.78364056142787 2.43078326299304 538.26285599939
0.433701972227768  1.93332962942382  2.00397511186609 2.8181158786858 538.305656002441
0.404271300588699  1.92839222479873  1.98358078610518 2.79584058775701 538.332656002441
0.236275509993532  1.97063741726399  1.98424051728716 2.80650109164198 538.362865999
-0.0281739191800676    2.22816938469437    2.19619902892546 3.12870943861273 538.404266000526
-0.323713360275314   1.87704282437883   1.94531085108503 2.7225565947326 538.433266000526
-0.300476133694493   1.99690863824184   1.67111123159387 2.62117202120808 538.464865998619
-0.396480888234763    2.2845158295524   1.51090373357266 2.76749702119708 538.503665994041
-0.351665557828894   2.46116700960635   1.19379280406702 2.75792548354374 538.533866000526
-0.178852874230822   2.31248907078025  0.897755321399134 2.48707834018134 538.568657000153
-0.0674785256990563    2.34008730008991    0.96825995124316 2.53339480868143 538.603656996338
0.226457718509661  2.46623237528211  1.24490681622371 2.77189072804873 538.634257002441
0.220212977127842  2.66199469494489  1.34279782881568 2.98961795557264 538.671466999
0.0494984420953423   2.80773873870795   1.36264550369401 3.12132178561402 538.703666995948
-0.182954277551818   2.74577076101215   1.11154428478966 2.96787129720146 538.734867000526
-0.285898835629342   2.66638429758767  0.793378859562813 2.79656814353548 538.773066999
-0.0601745860377072    2.19064652913553   0.409038635266259 2.22931958264373 538.802066999
 0.0932239419271011    2.07841216393068 -0.0632130570188153 2.08146191824427 538.835266995948
 0.267951596859452   1.99000561853862 -0.174089358673238 2.01549684318237 538.875667999763
0.423126984694757  1.65976465995592 -0.27371182859258 1.73458160278695 538.901658001441
 0.566573966929976   1.46260976927526 -0.332117960373456 1.60328903719349 538.935868000526
0.660073828000579  1.31585060633862 -0.42536887017914 1.53235079284429 538.976067999
 0.620193024632181   1.08372634445836 -0.465097627292988 1.33244811545856 539.000267995948
 0.627387866804075   1.05825410957074 -0.393979318391886 1.29179603620574 539.036258001441
 0.608416656751805    1.0525332485667 -0.414357810791076 1.28440237578221 539.075657998627
 0.577417415966177  0.950033601899531 -0.413510695757971 1.18615589721819 539.098468
 0.624764953220735   1.18647845355718 -0.396508219962445 1.39831367583462 539.136868001526
 0.681569005939461   1.18552327431669 -0.435590704295472 1.43517978158574 539.175068999
 0.606882201906307   1.04333759648116 -0.451115172248622 1.28855121972494 539.19645899839
 0.610090014365051   1.13467574178156 -0.537245488762153 1.39582648628358 539.237259001441
 0.721173877301956   1.02496450347799 -0.529724172540074 1.36060710481236 539.27385899939
 0.680669979437948  0.840638364387828 -0.511810370643293 1.1966345875357 539.296459001679
 0.684235267390833  0.813150642821808 -0.542453932624574 1.19316727162741 539.337659002441
 0.732038921304465  0.642791329001647 -0.542421510760227 1.11502590565409 539.374868999
  0.73968316262348  0.504030516253927 -0.526874605007046 1.03864083868544 539.394269000526
 0.734348660273209  0.643530052423473 -0.461192387835908 1.07985985285823 539.435068995948
 0.766420250831642  0.464529889612909 -0.533999240498434 1.04323688972425 539.475469
  0.96972376620575  0.111964549813077 -0.637700948407188 1.16600289140231 539.495259000916
  1.85182642429209 -0.570551420403056  -1.25278505015047 2.30743589529826 539.538869001526
  2.30145506765034 -0.969203440671067  -1.82522393878823 3.09313646070581 539.573869999237
 2.63659352780067 -1.66778151185069 -1.84909788649668 3.62660772567945 539.596259998627
 3.68101443125109 -2.39761909449588 -2.25829401038336 4.93946721850681 539.639260002441
 3.89020711581831 -3.20866597978415 -1.98134341570856 5.41802274863804 539.671269998237
 3.65757832607561 -3.41591378093194 -2.02486028679313 5.39874108947361 539.697669999763
 3.44512457431298 -3.77375528073448 -1.33608342619949 5.28159362060085 539.739669995948
 2.68774373598474 -3.76135063556911 -1.09624891907867 4.75115635257382 539.769069999763
 1.57624318058723 -2.54256049059472 -1.02341893954032 3.1617309718714 539.797069999763
  0.90037783123836  -2.10533213577142 -0.410098625335764 2.32621678340597 539.840069995948
0.508101777658162 -1.99232260892358 0.036863777559528 2.05642304319501 539.869461000534
0.0210530376986617 -0.929499288090447  0.310906611949212 0.980344367205079 539.898261001679
-0.141909199705812 -0.830775135167492  0.400314773002439 0.933047406972284 539.940461002441
 0.323789503704858  -1.23389175739956 0.0219381770248952 1.27585649479053 539.972070998619
 0.998418580161078  -1.76727463568276 -0.390038767409295 2.06693723640092 540.000870999763
  1.94475470506168  -2.43099395823161 -0.687418930639074 3.18815734775107 540.040870995948
  2.06449105531315  -2.59880943748765 -0.534554978353588 3.36179756004514 540.077070999
  1.56056602858319  -2.48754185532569 -0.457166601381719 2.97190715080131 540.105670997474
  1.09030984840622  -2.27738121370906 -0.117487928272135 2.52765586490255 540.141261001441
 1.06806012186561 -2.09091161741416 0.256853352587241 2.36191394011137 540.182070998474
0.639426338860184 -1.51304634637102 0.451312039612416 1.70348403168153 540.208670996948
-0.0458178166059193  -0.788257845020755   0.703491380720624 1.05752060277968 540.241670996948
-0.0398371609511447   -0.73205760481344   0.909867450138135 1.16848368109217 540.285272000526
0.0997982793803792 -0.858823330929395  0.846457280707842 1.20996989151766 540.312272000526
   0.3685093785666 -0.718918543783414  0.676586572759155 1.05376108541034 540.342071995948
0.569084181877401 -0.72505953627311 0.611558157664982 1.10615167016564 540.390271999
